1619530845.811514, 0
1619530845.842388, 0
1619530845.859401, 0
1619530845.876248, 3
1619530845.890410, 5
1619530845.907382, 3
1619530845.923016, 10
1619530845.939175, 14
1619530845.953551, 16
1619530845.970539, 20
1619530845.984979, 24
1619530845.999412, 28
1619530846.014021, 32
1619530846.028854, 36
1619530846.043386, 40
1619530846.057990, 43
1619530846.073039, 47
1619530846.087798, 50
1619530846.101974, 50
1619530846.119860, 50
1619530846.135378, 50
1619530846.149920, 49
1619530846.166286, 50
1619530846.188268, 50
1619530846.203333, 49
1619530846.216734, 49
1619530846.232082, 50
1619530846.248380, 50
1619530846.263113, 50
1619530846.277959, 49
1619530846.297516, 50
1619530846.313158, 49
1619530846.327971, 48
1619530846.343379, 48
1619530846.358513, 48
1619530846.375189, 49
1619530846.389301, 49
1619530846.408887, 49
1619530846.424345, 49
1619530846.438136, 50
1619530846.459081, 50
1619530846.474220, 50
1619530846.489886, 49
1619530846.504285, 49
1619530846.519560, 50
1619530846.534260, 49
1619530846.548581, 45
1619530846.563279, 49
1619530846.577907, 48
1619530846.593449, 49
1619530846.610031, 50
1619530846.628831, 50
1619530846.643450, 49
1619530846.658076, 49
1619530846.672403, 48
1619530846.687645, 49
1619530846.702963, 48
1619530846.717979, 49
1619530846.736063, 48
1619530846.754235, 46
1619530846.768998, 45
1619530846.784894, 47
1619530846.801345, 49
1619530846.821741, 48
1619530846.838215, 48
1619530846.854948, 47
1619530846.868796, 49
1619530846.883736, 47
1619530846.897975, 49
1619530846.912637, 48
1619530846.932232, 47
1619530846.948046, 45
1619530846.963353, 48
1619530846.977608, 45
1619530846.994157, 48
1619530847.012412, 47
1619530847.027593, 47
1619530847.045237, 47
1619530847.059389, 49
1619530847.073563, 48
1619530847.090964, 47
1619530847.106471, 44
1619530847.123149, 42
1619530847.137353, 37
1619530847.156921, 36
1619530847.172620, 34
1619530847.187135, 33
1619530847.202475, 26
1619530847.218014, 21
1619530847.232483, 17
1619530847.247220, 15
1619530847.264304, 16
1619530847.278982, 16
1619530847.294772, 16
1619530847.314263, 15
1619530847.329702, 15
1619530847.343986, 15
1619530847.361879, 16
1619530847.375677, 16
1619530847.393142, 16
1619530847.407173, 17
1619530847.422712, 16
1619530847.439249, 17
1619530847.453989, 17
1619530847.471271, 16
1619530847.486765, 18
1619530847.502004, 17
1619530847.516771, 17
1619530847.532537, 17
1619530847.549197, 18
1619530847.563742, 18
1619530847.578960, 17
1619530847.594078, 17
1619530847.608234, 18
1619530847.623535, 17
1619530847.638691, 17
1619530847.654540, 18
1619530847.671389, 19
1619530847.686247, 19
1619530847.703569, 18
1619530847.718302, 20
1619530847.733878, 20
1619530847.748754, 19
1619530847.763186, 20
1619530847.780804, 20
1619530847.795640, 20
1619530847.810399, 20
1619530847.824887, 19
1619530847.841068, 19
1619530847.856520, 19
1619530847.871469, 20
1619530847.888812, 21
1619530847.903588, 20
1619530847.918221, 20
1619530847.934261, 20
1619530847.949768, 20
1619530847.964171, 21
1619530847.978895, 20
1619530847.996474, 21
1619530848.010712, 21
1619530848.026613, 20
1619530848.041292, 22
1619530848.055519, 22
1619530848.071367, 21
1619530848.087170, 24
1619530848.102020, 21
1619530848.117795, 21
1619530848.132761, 22
1619530848.146863, 23
1619530848.160662, 22
1619530848.176349, 22
1619530848.191219, 22
1619530848.206731, 23
1619530848.227741, 22
1619530848.242857, 22
1619530848.257178, 23
1619530848.273992, 23
1619530848.289985, 23
1619530848.306703, 23
1619530848.321180, 23
1619530848.338397, 23
1619530848.353954, 24
1619530848.369135, 24
1619530848.387482, 23
1619530848.405165, 23
1619530848.420686, 24
1619530848.435089, 23
1619530848.451131, 25
1619530848.467215, 23
1619530848.482291, 25
1619530848.496634, 24
1619530848.515777, 26
1619530848.532002, 25
1619530848.546518, 25
1619530848.560692, 25
1619530849.129893, 25
1619530849.146114, 24
1619530849.162148, 25
1619530849.177599, 26
1619530849.191448, 26
1619530849.210816, 25
1619530849.226219, 26
1619530849.240745, 26
1619530849.256197, 25
1619530849.273670, 26
1619530849.287510, 27
1619530849.302548, 25
1619530849.320525, 26
1619530849.334842, 27
1619530849.350232, 27
1619530849.365687, 26
1619530849.384107, 27
1619530849.398862, 27
1619530849.414192, 27
1619530849.431817, 27
1619530849.447370, 28
1619530849.461663, 27
1619530849.476392, 27
1619530849.491347, 27
1619530849.506649, 28
1619530849.521739, 28
1619530849.538022, 28
1619530849.554037, 28
1619530849.567849, 28
1619530849.584415, 28
1619530849.600310, 28
1619530849.616820, 28
1619530849.631236, 29
1619530849.647140, 28
1619530849.662801, 29
1619530849.677413, 28
1619530849.691540, 28
1619530849.711306, 29
1619530849.727171, 29
1619530849.744208, 29
1619530849.758740, 29
1619530849.775733, 29
1619530849.791617, 29
1619530849.805716, 30
1619530849.820051, 30
1619530849.835688, 30
1619530849.849753, 30
1619530849.864223, 29
1619530849.882564, 31
1619530849.898380, 30
1619530849.912168, 31
1619530849.925955, 30
1619530849.939943, 31
1619530849.955246, 30
1619530849.971084, 30
1619530849.989745, 29
1619530850.005328, 31
1619530850.020639, 30
1619530850.038271, 31
1619530850.054747, 32
1619530850.069437, 31
1619530850.085522, 31
1619530850.102300, 32
1619530850.116886, 31
1619530850.131810, 31
1619530850.148399, 31
1619530850.163998, 32
1619530850.177801, 30
1619530850.192358, 30
1619530850.207409, 31
1619530850.222003, 32
1619530850.236431, 31
1619530850.251560, 31
1619530850.266847, 32
1619530850.281139, 32
1619530850.296688, 32
1619530850.310806, 32
1619530850.325441, 32
1619530850.343379, 32
1619530850.357646, 33
1619530850.374720, 32
1619530850.392324, 33
1619530850.407275, 33
1619530850.421692, 33
1619530850.439103, 34
1619530850.453517, 33
1619530850.471940, 33
1619530850.486205, 33
1619530850.501816, 33
1619530850.516295, 33
1619530850.530391, 34
1619530850.545874, 34
1619530850.561261, 33
1619530850.576189, 33
1619530850.596406, 33
1619530850.612054, 33
1619530850.627353, 34
1619530850.642656, 34
1619530850.658442, 35
1619530850.674378, 34
1619530850.689572, 35
1619530850.707350, 35
1619530850.721745, 34
1619530850.736045, 34
1619530850.750937, 35
1619530850.766257, 34
1619530850.781149, 35
1619530850.800303, 34
1619530850.814943, 36
1619530850.831352, 36
1619530850.847199, 35
1619530850.861910, 35
1619530850.880804, 36
1619530850.895830, 35
1619530850.912115, 35
1619530850.927398, 36
1619530850.943225, 35
1619530850.960256, 35
1619530850.979348, 36
1619530850.995088, 35
1619530851.009358, 36
1619530851.027104, 36
1619530851.044291, 36
1619530851.059774, 36
1619530851.073759, 37
1619530851.088778, 36
1619530851.103805, 36
1619530851.118343, 36
1619530851.132220, 37
1619530851.148481, 37
1619530851.163827, 36
1619530851.178938, 37
1619530851.195173, 36
1619530851.209369, 36
1619530851.224107, 37
1619530851.240402, 38
1619530851.258122, 38
1619530851.272556, 37
1619530851.287435, 37
1619530851.303517, 37
1619530851.319182, 37
1619530851.333645, 38
1619530851.348504, 37
1619530851.366648, 38
1619530851.382813, 38
1619530851.396855, 38
1619530851.413170, 38
1619530851.429179, 39
1619530851.443691, 38
1619530851.458427, 39
1619530851.475434, 39
1619530851.489713, 38
1619530851.503365, 39
1619530851.520447, 39
1619530851.536621, 38
1619530851.552651, 38
1619530851.566948, 38
1619530851.584938, 39
1619530851.599047, 38
1619530851.613871, 40
1619530851.629125, 40
1619530851.644995, 41
1619530851.659447, 41
1619530851.674118, 42
1619530851.692630, 40
1619530851.706929, 39
1619530851.720574, 39
1619530851.737908, 40
1619530851.753846, 40
1619530851.769044, 39
1619530851.783242, 41
1619530851.798778, 41
1619530851.816249, 40
1619530851.831435, 41
1619530851.846498, 40
1619530851.862485, 41
1619530851.878148, 40
1619530851.894147, 40
1619530851.908759, 40
1619530851.924978, 39
1619530851.940520, 40
1619530851.955849, 41
1619530851.970270, 40
1619530851.984810, 41
1619530851.999788, 41
1619530852.013997, 40
1619530852.029586, 41
1619530852.045140, 41
1619530852.059967, 42
1619530852.074982, 43
1619530852.091700, 41
1619530852.107385, 43
1619530852.124116, 43
1619530852.138925, 42
1619530852.156671, 42
1619530852.171369, 42
1619530852.185085, 41
1619530852.199041, 41
1619530852.214204, 42
1619530852.228358, 43
1619530852.245982, 42
1619530852.261257, 42
1619530852.275227, 42
1619530852.293599, 43
1619530852.308846, 43
1619530852.323646, 42
1619530852.338757, 44
1619530852.357848, 44
1619530852.374713, 43
1619530852.389106, 43
1619530852.406912, 43
1619530852.422992, 41
1619530852.439947, 42
1619530852.454589, 42
1619530852.470994, 43
1619530852.486044, 43
1619530852.500142, 42
1619530852.514170, 43
1619530852.530265, 43
1619530852.545022, 42
1619530852.559772, 44
1619530852.576390, 44
1619530852.591519, 43
1619530852.605519, 43
1619530852.620432, 43
1619530852.636463, 44
1619530852.650700, 43
1619530852.665026, 44
1619530852.682877, 44
1619530852.698244, 44
1619530852.713735, 44
1619530852.728077, 45
1619530852.743450, 45
1619530852.757527, 44
1619530852.772014, 44
1619530852.787862, 44
1619530852.804396, 44
1619530852.819018, 45
1619530852.834564, 45
1619530852.848933, 44
1619530852.863744, 45
1619530852.883349, 45
1619530852.897560, 45
1619530852.912080, 44
1619530852.928143, 45
1619530852.947031, 43
1619530852.962621, 44
1619530852.976755, 45
1619530852.991269, 44
1619530853.008070, 45
1619530853.022933, 45
1619530853.036966, 45
1619530853.055272, 46
1619530853.069820, 46
1619530853.084471, 45
1619530853.099579, 46
1619530853.119758, 45
1619530853.135515, 46
1619530853.150067, 45
1619530853.164105, 44
1619530853.178508, 46
1619530853.192541, 45
1619530853.207356, 45
1619530853.223579, 46
1619530853.238766, 46
1619530853.253141, 46
1619530853.269844, 46
1619530853.285477, 46
1619530853.299204, 47
1619530853.316078, 48
1619530853.331608, 47
1619530853.346017, 48
1619530853.359734, 47
1619530853.378961, 47
1619530853.395177, 46
1619530853.409666, 46
1619530853.423786, 48
1619530853.438826, 47
1619530853.453066, 48
1619530853.470822, 47
1619530853.486069, 48
1619530853.500449, 47
1619530853.514911, 48
1619530853.530599, 47
1619530853.545054, 46
1619530853.560123, 46
1619530853.577506, 47
1619530853.592363, 47
1619530853.606452, 47
1619530853.625875, 48
1619530853.644104, 47
1619530853.659051, 48
1619530853.672718, 47
1619530853.689562, 48
1619530853.706246, 47
1619530853.720826, 48
1619530853.735630, 48
1619530853.753995, 47
1619530853.770471, 47
1619530853.786277, 49
1619530853.800428, 48
1619530853.816907, 49
1619530853.833214, 49
1619530853.847228, 48
1619530853.868490, 49
1619530853.888201, 48
1619530853.903260, 48
1619530853.917813, 48
1619530853.938421, 48
1619530853.958095, 49
1619530853.972439, 48
1619530853.986387, 48
1619530854.002057, 50
1619530854.017327, 49
1619530854.033294, 49
1619530854.051435, 50
1619530854.068084, 50
1619530854.083088, 50
1619530854.102913, 49
1619530854.122828, 49
1619530854.139433, 50
1619530854.153652, 50
1619530854.168997, 49
1619530854.187821, 48
1619530854.203219, 49
1619530854.217727, 49
1619530854.235536, 48
1619530854.249720, 48
1619530854.264122, 48
1619530854.279334, 49
1619530854.295107, 49
1619530854.313812, 48
1619530854.327917, 49
1619530854.344425, 50
1619530854.360403, 50
1619530854.377018, 50
1619530854.391308, 49
1619530854.409162, 49
1619530854.424122, 50
1619530854.440912, 50
1619530854.455351, 49
1619530854.471333, 49
1619530854.486200, 40
1619530854.501330, 37
1619530854.517269, 29
1619530854.533933, 23
1619530854.548723, 21
1619530854.563614, 22
1619530854.579797, 22
1619530854.595654, 23
1619530854.612397, 22
1619530854.627109, 22
1619530854.644166, 22
1619530854.658316, 22
1619530854.672885, 23
1619530854.686989, 23
1619530854.705136, 23
1619530854.720280, 24
1619530854.734890, 24
1619530854.751535, 23
1619530854.767604, 23
1619530854.782452, 23
1619530854.797360, 23
1619530854.814699, 24
1619530854.830701, 24
1619530854.846591, 25
1619530854.860920, 24
1619530854.879025, 25
1619530854.892790, 24
1619530854.907005, 25
1619530854.923308, 25
1619530854.938101, 25
1619530854.952161, 25
1619530854.967378, 24
1619530854.983199, 25
1619530854.998656, 26
1619530855.013346, 26
1619530855.029785, 26
1619530855.044286, 26
1619530855.058249, 25
1619530855.075417, 25
1619530855.091212, 25
1619530855.108033, 26
1619530855.122503, 26
1619530855.139429, 27
1619530855.158774, 26
1619530855.175085, 26
1619530855.190610, 27
1619530855.208902, 27
1619530855.225031, 27
1619530855.240319, 27
1619530855.255652, 27
1619530855.273939, 27
1619530855.289274, 26
1619530855.303086, 28
1619530855.322491, 27
1619530855.338086, 28
1619530855.354449, 28
1619530855.371923, 28
1619530855.386380, 28
1619530855.401785, 28
1619530855.416690, 29
1619530855.432353, 29
1619530855.448081, 29
1619530855.463192, 29
1619530855.477959, 30
1619530855.493702, 28
1619530855.509718, 29
1619530855.524211, 28
1619530855.540497, 29
1619530855.556122, 30
1619530855.569615, 28
1619530855.585068, 29
1619530855.599253, 29
1619530855.613140, 28
1619530855.629754, 28
1619530855.645562, 30
1619530855.660289, 29
1619530855.675222, 29
1619530855.694514, 29
1619530855.709435, 29
1619530855.723698, 30
1619530855.738533, 30
1619530855.755526, 30
1619530855.769774, 30
1619530855.785852, 29
1619530855.800309, 30
1619530855.815000, 30
1619530855.833322, 31
1619530855.848959, 30
1619530855.864106, 30
1619530855.879749, 30
1619530855.896234, 30
1619530855.911561, 32
1619530855.927483, 31
1619530855.943526, 30
1619530855.961079, 31
1619530855.975775, 32
1619530855.989763, 32
1619530856.005548, 32
1619530856.020209, 32
1619530856.039130, 31
1619530856.053376, 31
1619530856.070515, 31
1619530856.084649, 33
1619530856.099119, 32
1619530856.115396, 31
1619530856.131481, 33
1619530856.145563, 32
1619530856.160332, 31
1619530856.175444, 33
1619530856.193722, 32
1619530856.209502, 31
1619530856.227577, 32
1619530856.244172, 33
1619530856.260052, 32
1619530856.274462, 33
1619530856.294455, 33
1619530856.311013, 33
1619530856.325504, 33
1619530856.340707, 34
1619530856.359393, 34
1619530856.373761, 33
1619530856.388337, 34
1619530856.404216, 33
1619530856.419408, 33
1619530856.435433, 34
1619530856.451231, 33
1619530856.465779, 34
1619530856.479568, 34
1619530856.494508, 33
1619530856.510739, 35
1619530856.525116, 34
1619530856.540243, 34
1619530856.558170, 33
1619530856.573659, 34
1619530856.587246, 34
1619530856.603056, 33
1619530856.617546, 34
1619530856.632100, 34
1619530856.647184, 34
1619530856.662133, 35
1619530856.677850, 36
1619530856.692404, 36
1619530856.707873, 34
1619530856.723062, 35
1619530856.738377, 35
1619530856.753034, 34
1619530856.768644, 36
1619530856.782767, 36
1619530856.797785, 35
1619530856.813558, 35
1619530856.828381, 36
1619530856.845351, 38
1619530856.864575, 37
1619530856.879838, 38
1619530856.896029, 38
1619530856.910626, 37
1619530856.925876, 36
1619530856.940145, 37
1619530856.955467, 36
1619530856.970336, 37
1619530856.983921, 36
1619530857.000569, 37
1619530857.017281, 37
1619530857.033739, 35
1619530857.048903, 38
1619530857.064637, 38
1619530857.080478, 37
1619530857.096096, 38
1619530857.111327, 37
1619530857.128429, 37
1619530857.144063, 37
1619530857.158466, 37
1619530857.175112, 36
1619530857.191403, 37
1619530857.205658, 37
1619530857.219818, 37
1619530857.236105, 38
1619530857.250253, 38
1619530857.264231, 37
1619530857.279639, 39
1619530857.293883, 39
1619530857.309368, 38
1619530857.324544, 39
1619530857.340716, 38
1619530857.355121, 38
1619530857.370220, 39
1619530857.385179, 38
1619530857.400432, 38
1619530857.416291, 38
1619530857.431194, 39
1619530857.447293, 39
1619530857.463526, 39
1619530857.477917, 38
1619530857.491807, 40
1619530857.508614, 39
1619530857.524231, 40
1619530857.538516, 39
1619530857.553783, 41
1619530857.567937, 40
1619530857.582824, 39
1619530857.597669, 39
1619530857.618738, 39
1619530857.634248, 38
1619530857.648016, 40
1619530857.664240, 39
1619530857.683162, 39
1619530857.697779, 40
1619530857.713266, 41
1619530857.734432, 41
1619530857.748282, 41
1619530857.762953, 41
1619530857.780554, 39
1619530857.795136, 39
1619530857.809454, 40
1619530857.824899, 42
1619530857.840766, 41
1619530857.855043, 41
1619530857.869955, 42
1619530857.885952, 42
1619530857.900030, 43
1619530857.914577, 42
1619530857.931473, 41
1619530857.945622, 42
1619530857.959698, 41
1619530857.978366, 42
1619530857.992520, 41
1619530858.006353, 41
1619530858.022081, 41
1619530858.037094, 41
1619530858.050798, 42
1619530858.066401, 41
1619530858.082739, 42
1619530858.097743, 42
1619530858.113261, 41
1619530858.133247, 43
1619530858.147271, 43
1619530858.161779, 43
1619530858.177527, 42
1619530858.192818, 42
1619530858.207211, 42
1619530858.222946, 41
1619530858.242339, 41
1619530858.257851, 42
1619530858.272089, 43
1619530858.286622, 42
1619530858.301434, 43
1619530858.316020, 42
1619530858.330641, 42
1619530858.347540, 44
1619530858.361640, 45
1619530858.376488, 44
1619530858.390940, 44
1619530858.406230, 44
1619530858.421528, 45
1619530858.435397, 44
1619530858.451159, 42
1619530858.465248, 43
1619530858.479253, 43
1619530858.496035, 43
1619530858.512214, 43
1619530858.527244, 44
1619530858.542874, 44
1619530858.558605, 43
1619530858.573143, 45
1619530858.588369, 45
1619530858.603603, 45
1619530858.618039, 45
1619530858.632945, 44
1619530858.650327, 45
1619530858.664519, 46
1619530858.678967, 45
1619530858.695145, 44
1619530858.711394, 44
1619530858.727141, 44
1619530858.742965, 43
1619530858.758519, 45
1619530858.772946, 44
1619530858.789103, 43
1619530858.804124, 45
1619530858.818967, 45
1619530858.835117, 46
1619530858.849920, 46
1619530858.864370, 46
1619530858.879199, 46
1619530858.897671, 46
1619530858.913932, 44
1619530858.929332, 45
1619530858.944466, 45
1619530858.959244, 45
1619530858.974393, 46
1619530858.994838, 45
1619530859.009673, 45
1619530859.024525, 46
1619530859.041937, 47
1619530859.058484, 45
1619530859.074036, 45
1619530859.087943, 46
1619530859.104770, 46
1619530859.119412, 47
1619530859.133368, 46
1619530859.147326, 46
1619530859.163336, 46
1619530859.177844, 46
1619530859.196133, 46
1619530859.212864, 47
1619530859.227760, 46
1619530859.241840, 47
1619530859.258762, 47
1619530859.274895, 48
1619530859.290209, 47
1619530859.304590, 48
1619530859.319667, 48
1619530859.335598, 48
1619530859.349796, 48
1619530859.368513, 48
1619530859.382959, 45
1619530859.398280, 47
1619530859.414101, 46
1619530859.428102, 47
1619530859.442574, 48
1619530859.459311, 47
1619530859.474503, 48
1619530859.488468, 47
1619530859.504968, 48
1619530859.519912, 49
1619530859.535256, 48
1619530859.551161, 48
1619530859.568363, 48
1619530859.588532, 49
1619530859.602481, 50
1619530859.620188, 48
1619530859.635426, 48
1619530859.652059, 48
1619530859.666127, 47
1619530859.682763, 47
1619530859.697659, 47
1619530859.711797, 47
1619530859.726905, 48
1619530859.747290, 50
1619530859.763388, 50
1619530859.777293, 49
1619530859.792152, 49
1619530859.808193, 50
1619530859.822579, 49
1619530859.838606, 49
1619530859.854084, 48
1619530859.868227, 48
1619530859.883570, 49
1619530859.903781, 49
1619530859.922876, 48
1619530859.938766, 49
1619530859.952957, 48
1619530859.973151, 49
1619530859.990906, 50
1619530860.006536, 49
1619530860.022379, 49
1619530860.040111, 49
1619530860.056151, 50
1619530860.070233, 49
1619530860.086864, 50
1619530860.103621, 49
1619530860.119221, 48
1619530860.134453, 49
1619530860.150232, 50
1619530860.164839, 50
1619530860.181894, 48
1619530860.200092, 49
1619530860.214901, 49
1619530860.232114, 48
1619530860.246497, 49
1619530860.263121, 42
1619530860.277667, 35
1619530860.292671, 27
1619530860.309468, 22
1619530860.323356, 21
1619530860.338491, 22
1619530860.354783, 14
1619530860.369859, 7
1619530860.384064, 6
1619530860.399633, 8
1619530860.418807, 9
1619530860.433289, 10
1619530860.447990, 8
1619530860.464305, 8
1619530860.480076, 9
1619530860.494526, 9
1619530860.510695, 8
1619530860.526307, 9
1619530860.540860, 9
1619530860.555575, 8
1619530860.571448, 10
1619530860.586609, 10
1619530860.600984, 10
1619530860.616438, 11
1619530860.631250, 11
1619530860.646159, 10
1619530860.664738, 10
1619530860.680070, 10
1619530860.695965, 11
1619530860.712694, 11
1619530860.730004, 12
1619530860.744401, 13
1619530860.758603, 12
1619530860.773406, 12
1619530860.789495, 13
1619530860.803949, 13
1619530860.819483, 12
1619530860.835252, 13
1619530860.850231, 14
1619530860.867037, 15
1619530860.882688, 14
1619530860.899212, 14
1619530860.913960, 13
1619530860.928395, 13
1619530860.942825, 14
1619530860.957190, 15
1619530860.971120, 14
1619530860.986756, 14
1619530861.001044, 15
1619530861.016954, 16
1619530861.035102, 17
1619530861.050093, 15
1619530861.064334, 15
1619530861.078910, 16
1619530861.094081, 15
1619530861.108222, 15
1619530861.123328, 16
1619530861.139253, 17
1619530861.158502, 17
1619530861.172500, 18
1619530861.188334, 17
1619530861.203715, 17
1619530861.218509, 16
1619530861.233908, 17
1619530861.249016, 18
1619530861.263381, 17
1619530861.279246, 17
1619530861.295700, 18
1619530861.309923, 18
1619530861.324809, 18
1619530861.341451, 19
1619530861.355816, 18
1619530861.371497, 19
1619530861.387771, 18
1619530861.403146, 18
1619530861.418156, 19
1619530861.434972, 19
1619530861.449753, 19
1619530861.464116, 19
1619530861.479652, 19
1619530861.495439, 20
1619530861.510194, 20
1619530861.525089, 21
1619530861.540909, 21
1619530861.556090, 20
1619530861.570968, 19
1619530861.589549, 19
1619530861.604139, 21
1619530861.618288, 21
1619530861.632388, 21
1619530861.648070, 20
1619530861.663093, 21
1619530861.680046, 20
1619530861.694990, 21
1619530861.710505, 22
1619530861.725060, 21
1619530861.744392, 22
1619530861.760060, 21
1619530861.774680, 22
1619530861.790622, 21
1619530861.805240, 22
1619530861.819268, 21
1619530861.835834, 21
1619530861.850088, 22
1619530861.864219, 23
1619530861.879429, 24
1619530861.893365, 23
1619530861.908225, 23
1619530861.925141, 22
1619530861.941085, 23
1619530861.956361, 22
1619530861.972105, 23
1619530861.987713, 23
1619530862.002288, 23
1619530862.016442, 25
1619530862.031310, 24
1619530862.048078, 25
1619530862.062571, 24
1619530862.080500, 23
1619530862.095539, 23
1619530862.112623, 23
1619530862.128338, 23
1619530862.144142, 24
1619530862.159534, 24
1619530862.174758, 25
1619530862.188723, 24
1619530862.207372, 26
1619530862.224228, 25
1619530862.239286, 27
1619530862.253220, 26
1619530862.268650, 24
1619530862.284920, 24
1619530862.299917, 26
1619530862.316908, 25
1619530862.331833, 25
1619530862.347507, 25
1619530862.361952, 25
1619530862.379766, 27
1619530862.394985, 27
1619530862.410157, 27
1619530862.426980, 27
1619530862.445155, 25
1619530862.460574, 26
1619530862.476102, 26
1619530862.489895, 25
1619530862.505532, 27
1619530862.521894, 25
1619530862.536026, 27
1619530862.554002, 26
1619530862.569880, 29
1619530862.584233, 28
1619530862.600631, 28
1619530862.615555, 29
1619530862.629983, 28
1619530862.643763, 28
1619530862.658336, 28
1619530862.674713, 28
1619530862.689352, 27
1619530862.704765, 27
1619530862.719113, 27
1619530862.732925, 27
1619530862.750157, 29
1619530862.764453, 29
1619530862.778785, 29
1619530862.795022, 29
1619530862.809869, 30
1619530862.824062, 28
1619530862.838471, 29
1619530862.853610, 28
1619530862.868017, 29
1619530862.882090, 30
1619530862.898918, 29
1619530862.914764, 29
1619530862.928648, 28
1619530862.944295, 30
1619530862.959968, 29
1619530862.974575, 29
1619530862.989467, 31
1619530863.004775, 31
1619530863.020033, 29
1619530863.034354, 29
1619530863.053272, 30
1619530863.068105, 30
1619530863.082981, 30
1619530863.099449, 30
1619530863.114586, 31
1619530863.128863, 30
1619530863.146475, 32
1619530863.163551, 32
1619530863.177815, 31
1619530863.192951, 33
1619530863.207579, 30
1619530863.222877, 32
1619530863.236942, 31
1619530863.253556, 30
1619530863.273408, 31
1619530863.288238, 31
1619530863.302641, 31
1619530863.317625, 32
1619530863.332051, 32
1619530863.346479, 32
1619530863.362341, 33
1619530863.377563, 32
1619530863.392333, 32
1619530863.409417, 32
1619530863.426392, 32
1619530863.440639, 33
1619530863.455492, 32
1619530863.471273, 31
1619530863.486685, 33
1619530863.500733, 33
1619530863.517041, 32
1619530863.536327, 33
1619530863.552064, 35
1619530863.566886, 34
1619530863.583370, 34
1619530863.600153, 34
1619530863.615334, 34
1619530863.630300, 32
1619530863.644964, 33
1619530863.660494, 33
1619530863.674645, 33
1619530863.689973, 33
1619530863.706052, 34
1619530863.720486, 34
1619530863.737145, 34
1619530863.753900, 34
1619530863.769007, 34
1619530863.783631, 35
1619530863.801589, 35
1619530863.816343, 35
1619530863.832051, 35
1619530863.846008, 34
1619530863.861470, 34
1619530863.875749, 34
1619530863.891459, 35
1619530863.908498, 33
1619530863.923903, 34
1619530863.938827, 35
1619530863.953038, 35
1619530863.967375, 36
1619530863.982633, 37
1619530863.997216, 36
1619530864.014202, 35
1619530864.029643, 36
1619530864.043946, 35
1619530864.063234, 35
1619530864.079415, 36
1619530864.096149, 36
1619530864.110558, 35
1619530864.129501, 36
1619530864.144248, 37
1619530864.158961, 37
1619530864.174959, 36
1619530864.189010, 38
1619530864.203249, 38
1619530864.217998, 37
1619530864.233451, 36
1619530864.247527, 37
1619530864.261988, 37
1619530864.277740, 36
1619530864.292319, 35
1619530864.306893, 37
1619530864.323026, 37
1619530864.337093, 36
1619530864.351583, 37
1619530864.370988, 37
1619530864.386346, 38
1619530864.400780, 39
1619530864.419083, 39
1619530864.433591, 37
1619530864.448087, 37
1619530864.463584, 38
1619530864.478977, 37
1619530864.493400, 37
1619530864.507327, 37
1619530864.523569, 38
1619530864.538040, 37
1619530864.552883, 38
1619530864.569854, 38
1619530864.584094, 38
1619530864.598678, 39
1619530864.612865, 39
1619530864.627388, 39
1619530864.643074, 38
1619530864.660086, 38
1619530864.675007, 39
1619530864.689892, 39
1619530864.704219, 38
1619530864.722317, 38
1619530864.738025, 38
1619530864.754759, 38
1619530864.771634, 39
1619530864.788063, 39
1619530864.802441, 39
1619530864.816628, 40
1619530864.832004, 40
1619530864.846217, 41
1619530864.860746, 39
1619530864.878700, 39
1619530864.894746, 39
1619530864.909816, 39
1619530864.923835, 39
1619530864.937826, 39
1619530864.957121, 40
1619530864.972012, 41
1619530864.986720, 40
1619530865.001140, 40
1619530865.016004, 40
1619530865.029958, 41
1619530865.045498, 40
1619530865.060046, 42
1619530865.074326, 40
1619530865.092116, 40
1619530865.107574, 40
1619530865.122107, 40
1619530865.137060, 40
1619530865.153316, 40
1619530865.167367, 40
1619530865.181912, 40
1619530865.197800, 42
1619530865.213327, 42
1619530865.228804, 42
1619530865.244484, 42
1619530865.258995, 42
1619530865.275064, 43
1619530865.291775, 41
1619530865.307335, 41
1619530865.321850, 41
1619530865.336621, 41
1619530865.355321, 41
1619530865.369448, 41
1619530865.385452, 42
1619530865.401219, 42
1619530865.415524, 43
1619530865.430542, 43
1619530865.450533, 42
1619530865.466466, 42
1619530865.481744, 42
1619530865.495835, 44
1619530865.512929, 42
1619530865.527367, 42
1619530865.541944, 42
1619530865.558422, 43
1619530865.574686, 43
1619530865.588721, 42
1619530865.606835, 43
1619530865.622426, 42
1619530865.638039, 43
1619530865.652168, 44
1619530865.667112, 43
1619530865.681571, 43
1619530865.696243, 43
1619530865.711104, 44
1619530865.725484, 45
1619530865.740137, 44
1619530865.757879, 43
1619530865.772798, 44
1619530865.787154, 43
1619530865.803402, 43
1619530865.819418, 44
1619530865.834079, 41
1619530865.848304, 44
1619530865.865404, 44
1619530865.880113, 44
1619530865.894925, 45
1619530865.910705, 45
1619530865.925696, 45
1619530865.940869, 44
1619530865.956150, 45
1619530865.969618, 44
1619530865.986351, 43
1619530866.002428, 45
1619530866.017041, 44
1619530866.031808, 45
1619530866.047384, 46
1619530866.062255, 46
1619530866.076847, 46
1619530866.092431, 48
1619530866.106767, 47
1619530866.122341, 46
1619530866.139502, 45
1619530866.154740, 46
1619530866.168873, 46
1619530866.184021, 46
1619530866.197984, 46
1619530866.212615, 45
1619530866.227692, 45
1619530866.243363, 46
1619530866.260038, 46
1619530866.274432, 45
1619530866.288929, 46
1619530866.302971, 46
1619530866.319393, 47
1619530866.336173, 46
1619530866.350033, 47
1619530866.364264, 47
1619530866.379584, 47
1619530866.394489, 47
1619530866.408998, 48
1619530866.425056, 46
1619530866.439642, 46
1619530866.454860, 45
1619530866.471172, 46
1619530866.485260, 47
1619530866.499454, 46
1619530866.516724, 46
1619530866.532667, 46
1619530866.547092, 47
1619530866.561270, 48
1619530866.581057, 48
1619530866.597401, 47
1619530866.611783, 48
1619530866.626840, 46
1619530866.642011, 49
1619530866.656224, 46
1619530866.670700, 47
1619530866.684941, 48
1619530866.702428, 47
1619530866.716326, 47
1619530866.732278, 48
1619530866.748204, 47
1619530866.767258, 48
1619530866.782187, 48
1619530866.798722, 49
1619530866.814614, 49
1619530866.830380, 48
1619530866.845375, 49
1619530866.862319, 48
1619530866.877449, 48
1619530866.893059, 48
1619530866.907801, 48
1619530866.923656, 48
1619530866.938378, 48
1619530866.953265, 47
1619530866.969087, 48
1619530866.984108, 49
1619530866.997747, 48
1619530867.014564, 49
1619530867.033521, 50
1619530867.049026, 49
1619530867.064976, 49
1619530867.079828, 48
1619530867.095765, 50
1619530867.110445, 49
1619530867.126041, 48
1619530867.143588, 47
1619530867.158964, 48
1619530867.173863, 48
1619530867.189028, 47
1619530867.204508, 48
1619530867.217945, 48
1619530867.233087, 49
1619530867.248959, 50
1619530867.263408, 50
1619530867.277997, 49
1619530867.293678, 48
1619530867.308336, 49
1619530867.322507, 49
1619530867.338053, 49
1619530867.352760, 48
1619530867.368140, 47
1619530867.383838, 41
1619530867.398437, 36
1619530867.412553, 28
1619530867.430028, 22
1619530867.445661, 20
1619530867.459920, 13
1619530867.476291, 6
1619530867.490925, 7
1619530867.505350, 7
1619530867.520021, 6
1619530867.535748, 7
1619530867.549876, 8
1619530867.565014, 8
1619530867.584279, 9
1619530867.600210, 9
1619530867.614246, 9
1619530867.632466, 10
1619530867.651593, 10
1619530867.667936, 10
1619530867.683404, 10
1619530867.700264, 9
1619530867.715341, 11
1619530867.730166, 10
1619530867.744809, 11
1619530867.760035, 12
1619530867.776188, 12
1619530867.790743, 12
1619530867.807374, 12
1619530867.822808, 11
1619530867.836896, 9
1619530867.855322, 11
1619530867.870185, 12
1619530867.884528, 12
1619530867.899097, 12
1619530867.914641, 13
1619530867.930752, 13
1619530867.945378, 15
1619530867.960144, 13
1619530867.976371, 14
1619530867.990550, 13
1619530868.004612, 13
1619530868.019000, 13
1619530868.033901, 14
1619530868.049051, 14
1619530868.063306, 15
1619530868.077359, 16
1619530868.097140, 16
1619530868.111734, 15
1619530868.126430, 14
1619530868.143186, 16
1619530868.162854, 15
1619530868.178227, 15
1619530868.192763, 16
1619530868.206984, 15
1619530868.226281, 14
1619530868.241254, 17
1619530868.255797, 17
1619530868.270597, 16
1619530868.286562, 16
1619530868.300516, 16
1619530868.315812, 16
1619530868.332258, 16
1619530868.346578, 17
1619530868.361655, 17
1619530868.376623, 17
1619530868.391785, 18
1619530868.407770, 19
1619530868.425195, 19
1619530868.440095, 19
1619530868.454231, 17
1619530868.471848, 18
1619530868.487946, 18
1619530868.502410, 17
1619530868.516431, 19
1619530868.531683, 19
1619530868.546179, 19
1619530868.562568, 20
1619530868.579120, 19
1619530868.594785, 21
1619530868.609085, 19
1619530868.623286, 19
1619530868.640422, 19
1619530868.655042, 20
1619530868.669689, 20
1619530868.687831, 19
1619530868.702814, 19
1619530868.717049, 20
1619530868.735815, 21
1619530868.749980, 21
1619530868.763722, 21
1619530868.781182, 21
1619530868.796365, 20
1619530868.810585, 21
1619530868.824413, 20
1619530868.840507, 22
1619530868.854608, 21
1619530868.869616, 22
1619530868.887582, 20
1619530868.904359, 23
1619530868.918061, 22
1619530868.934666, 23
1619530868.950098, 21
1619530868.964535, 22
1619530868.979048, 23
1619530868.993432, 22
1619530869.008430, 23
1619530869.022811, 22
1619530869.038889, 22
1619530869.052917, 23
1619530869.067343, 23
1619530869.082162, 24
1619530869.096881, 24
1619530869.111348, 24
1619530869.125486, 25
1619530869.140565, 24
1619530869.156024, 23
1619530869.172613, 24
1619530869.188116, 24
1619530869.202628, 25
1619530869.217573, 23
1619530869.233389, 23
1619530869.247464, 25
1619530869.262680, 25
1619530869.280639, 25
1619530869.296755, 26
1619530869.310672, 24
1619530869.326428, 23
1619530869.342037, 24
1619530869.357481, 24
1619530869.371556, 25
1619530869.387455, 24
1619530869.401835, 24
1619530869.416871, 26
1619530869.433543, 26
1619530869.448886, 27
1619530869.464535, 26
1619530869.480275, 26
1619530869.494093, 26
1619530869.509358, 26
1619530869.524917, 26
1619530869.539813, 26
1619530869.555368, 26
1619530869.571145, 27
1619530869.586182, 27
1619530869.600385, 26
1619530869.616315, 28
1619530869.630543, 28
1619530869.646686, 28
1619530869.663083, 27
1619530869.679961, 27
1619530869.694592, 28
1619530869.710879, 26
1619530869.728059, 28
1619530869.745511, 27
1619530869.760018, 26
1619530869.775395, 27
1619530869.791059, 27
1619530869.805448, 29
1619530869.820797, 28
1619530869.834688, 29
1619530869.850751, 30
1619530869.865943, 29
1619530869.881671, 28
1619530869.895712, 29
1619530869.910289, 28
1619530869.927542, 28
1619530869.942389, 29
1619530869.959646, 29
1619530869.977034, 30
1619530869.997332, 30
1619530870.012020, 30
1619530870.028045, 30
1619530870.043514, 29
1619530870.060806, 30
1619530870.086502, 29
1619530870.105106, 29
1619530870.121282, 30
1619530870.135475, 29
1619530870.154127, 29
1619530870.169781, 29
1619530870.184607, 30
1619530870.204111, 31
1619530870.221531, 31
1619530870.238945, 32
1619530870.255192, 31
1619530870.268977, 30
1619530870.286194, 30
1619530870.307322, 30
1619530870.321875, 30
1619530870.339637, 32
1619530870.355825, 32
1619530870.370339, 30
1619530870.388179, 32
1619530870.403067, 32
1619530870.417610, 32
1619530870.433766, 32
1619530870.448126, 33
1619530870.463046, 31
1619530870.480966, 32
1619530870.497423, 31
1619530870.513357, 32
1619530870.528873, 32
1619530870.546795, 32
1619530870.563510, 32
1619530870.579172, 32
1619530870.597388, 34
1619530870.613375, 34
1619530870.629205, 33
1619530870.644878, 34
1619530870.663021, 32
1619530870.678992, 32
1619530870.693410, 33
1619530870.713460, 32
1619530870.747986, 26
1619530870.766450, 31
1619530870.821841, 34
1619530870.838783, 33
1619530870.855848, 35
1619530870.870486, 35
1619530870.888206, 34
1619530870.903075, 34
1619530870.919176, 35
1619530870.933670, 35
1619530870.949624, 33
1619530870.966163, 35
1619530870.981364, 35
1619530870.996868, 34
1619530871.011617, 35
1619530871.026964, 36
1619530871.043042, 36
1619530871.060358, 35
1619530871.074928, 35
1619530871.089799, 35
1619530871.106586, 33
1619530871.121539, 33
1619530871.135246, 36
1619530871.151467, 36
1619530871.165982, 35
1619530871.182074, 37
1619530871.195947, 35
1619530871.210547, 36
1619530871.225686, 36
1619530871.240270, 36
1619530871.257187, 36
1619530871.272131, 36
1619530871.287046, 36
1619530871.302023, 37
1619530871.317996, 37
1619530871.331562, 36
1619530871.350009, 36
1619530871.365873, 36
1619530871.380265, 36
1619530871.394580, 35
1619530871.412918, 36
1619530871.428928, 38
1619530871.442988, 37
1619530871.457448, 37
1619530871.472754, 38
1619530871.488411, 37
1619530871.502377, 38
1619530871.518986, 37
1619530871.533308, 38
1619530871.548127, 37
1619530871.565275, 38
1619530871.580627, 37
1619530871.594482, 37
1619530871.609847, 37
1619530871.624867, 38
1619530871.639490, 39
1619530871.653829, 38
1619530871.668591, 39
1619530871.683231, 38
1619530871.697780, 38
1619530871.713912, 38
1619530871.728517, 37
1619530871.742485, 39
1619530871.757634, 39
1619530871.773372, 38
1619530871.787821, 39
1619530871.806860, 38
1619530871.822567, 38
1619530871.837210, 38
1619530871.852962, 39
1619530871.867781, 39
1619530871.881912, 39
1619530871.897140, 40
1619530871.911503, 40
1619530871.926779, 39
1619530871.943693, 40
1619530871.961990, 39
1619530871.977483, 39
1619530871.991964, 39
1619530872.009049, 40
1619530872.024786, 40
1619530872.041473, 38
1619530872.057266, 39
1619530872.076098, 40
1619530872.092128, 40
1619530872.106727, 41
1619530872.126303, 39
1619530872.141302, 41
1619530872.156539, 40
1619530872.174036, 41
1619530872.189262, 41
1619530872.204151, 40
1619530872.221951, 40
1619530872.239168, 40
1619530872.254174, 40
1619530872.269282, 40
1619530872.285287, 41
1619530872.302283, 42
1619530872.316638, 42
1619530872.332281, 41
1619530872.349154, 41
1619530872.364033, 41
1619530872.378377, 41
1619530872.393236, 42
1619530872.406917, 42
1619530872.424666, 41
1619530872.439760, 42
1619530872.454311, 41
1619530872.470116, 41
1619530872.487248, 40
1619530872.502482, 42
1619530872.521448, 42
1619530872.535979, 43
1619530872.549833, 43
1619530872.565987, 43
1619530872.582345, 42
1619530872.597726, 42
1619530872.612313, 42
1619530872.628674, 43
1619530872.647965, 42
1619530872.662190, 42
1619530872.677384, 42
1619530872.693770, 42
1619530872.708951, 43
1619530872.723619, 44
1619530872.739317, 44
1619530872.756014, 44
1619530872.772063, 44
1619530872.786544, 43
1619530872.802178, 43
1619530872.817360, 44
1619530872.831403, 42
1619530872.847696, 43
1619530872.862693, 43
1619530872.876420, 43
1619530872.892975, 43
1619530872.910156, 42
1619530872.924357, 42
1619530872.938820, 43
1619530872.953989, 44
1619530872.969117, 45
1619530872.985137, 44
1619530872.999467, 44
1619530873.013677, 45
1619530873.029648, 45
1619530873.043992, 45
1619530873.059295, 44
1619530873.077336, 44
1619530873.091637, 42
1619530873.106369, 46
1619530873.121211, 46
1619530873.135813, 45
1619530873.150584, 46
1619530873.168323, 46
1619530873.183271, 46
1619530873.197933, 46
1619530873.214735, 45
1619530873.229422, 45
1619530873.243777, 46
1619530873.260202, 45
1619530873.275987, 45
1619530873.291821, 45
1619530873.308310, 44
1619530873.323142, 45
1619530873.338845, 46
1619530873.353389, 45
1619530873.368717, 45
1619530873.384018, 46
1619530873.399238, 45
1619530873.417641, 46
1619530873.432205, 46
1619530873.446496, 47
1619530873.462612, 47
1619530873.477928, 47
1619530873.492402, 46
1619530873.506935, 48
1619530873.522138, 46
1619530873.537588, 46
1619530873.554638, 46
1619530873.569029, 46
1619530873.584924, 46
1619530873.600644, 47
1619530873.618606, 47
1619530873.632966, 45
1619530873.648552, 47
1619530873.663489, 47
1619530873.680277, 46
1619530873.696279, 47
1619530873.712050, 47
1619530873.729832, 47
1619530873.745412, 47
1619530873.759621, 46
1619530873.774835, 46
1619530873.790076, 47
1619530873.805566, 47
1619530873.820622, 47
1619530873.835444, 47
1619530873.850628, 47
1619530873.864728, 48
1619530873.885025, 49
1619530873.901360, 48
1619530873.916967, 49
1619530873.931522, 48
1619530873.950568, 49
1619530873.966761, 49
1619530873.981118, 49
1619530873.995680, 49
1619530874.014382, 48
1619530874.029571, 48
1619530874.043465, 48
1619530874.058331, 48
1619530874.073096, 47
1619530874.086926, 47
1619530874.102733, 47
1619530874.117886, 49
1619530874.132381, 50
1619530874.148291, 49
1619530874.163040, 49
1619530874.178666, 48
1619530874.195832, 49
1619530874.213544, 49
1619530874.229395, 48
1619530874.244195, 48
1619530874.261407, 47
1619530874.276405, 48
1619530874.290526, 47
1619530874.304883, 48
1619530874.320500, 49
1619530874.334912, 48
1619530874.348992, 47
1619530874.363750, 50
1619530874.378359, 50
1619530874.394742, 49
1619530874.413163, 50
1619530874.429425, 49
1619530874.443420, 49
1619530874.459516, 48
1619530874.476660, 48
1619530874.492129, 41
1619530874.508327, 34
1619530874.526935, 27
1619530874.545068, 22
1619530874.559356, 21
1619530874.573798, 21
1619530874.590306, 23
1619530874.605896, 22
1619530874.621317, 23
1619530874.638466, 23
1619530874.652901, 22
1619530874.667743, 22
1619530874.685094, 22
1619530874.700786, 22
1619530874.715200, 23
1619530874.733240, 22
1619530874.749975, 22
1619530874.764936, 23
1619530874.779018, 24
1619530874.794317, 24
1619530874.810002, 24
1619530874.823632, 23
1619530874.840456, 24
1619530874.855020, 23
1619530874.869289, 24
1619530874.884375, 24
1619530874.900185, 24
1619530874.914736, 24
1619530874.932844, 24
1619530874.950334, 26
1619530874.964710, 26
1619530874.979733, 26
1619530874.995082, 26
1619530875.009592, 24
1619530875.024730, 24
1619530875.040498, 26
1619530875.056303, 25
1619530875.071209, 26
1619530875.086724, 25
1619530875.102965, 25
1619530875.117368, 25
1619530875.133673, 26
1619530875.148714, 28
1619530875.163208, 27
1619530875.180114, 26
1619530875.195207, 26
1619530875.209972, 26
1619530875.224856, 27
1619530875.240465, 27
1619530875.260108, 27
1619530875.274079, 25
1619530875.289363, 26
1619530875.303939, 28
1619530875.318859, 28
1619530875.333512, 27
1619530875.348585, 28
1619530875.362723, 29
1619530875.376981, 27
1619530875.392391, 28
1619530875.406603, 28
1619530875.425807, 27
1619530875.443342, 26
1619530875.457587, 27
1619530875.471939, 28
1619530875.487405, 28
1619530875.502712, 28
1619530875.517640, 29
1619530875.531465, 29
1619530875.548052, 29
1619530875.562299, 30
1619530875.576186, 29
1619530875.592404, 28
1619530875.611974, 29
1619530875.626838, 29
1619530875.643310, 29
1619530875.657784, 29
1619530875.674506, 27
1619530875.689672, 30
1619530875.705182, 30
1619530875.719501, 31
1619530875.733383, 30
1619530875.747827, 31
1619530875.763856, 29
1619530875.779237, 29
1619530875.793519, 30
1619530875.807851, 29
1619530875.826203, 29
1619530875.841990, 31
1619530875.856535, 31
1619530875.871783, 30
1619530875.893270, 29
1619530875.908112, 31
1619530875.922770, 30
1619530875.936910, 30
1619530875.952445, 32
1619530875.966492, 31
1619530875.981239, 31
1619530875.998860, 31
1619530876.013158, 32
1619530876.027580, 31
1619530876.044225, 30
1619530876.059270, 30
1619530876.074523, 31
1619530876.088779, 33
1619530876.103369, 33
1619530876.117454, 32
1619530876.132100, 33
1619530876.146932, 32
1619530876.162507, 31
1619530876.178710, 32
1619530876.193292, 32
1619530876.207748, 31
1619530876.224442, 30
1619530876.239856, 32
1619530876.254214, 32
1619530876.268375, 33
1619530876.283556, 34
1619530876.299420, 33
1619530876.314509, 33
1619530876.331284, 34
1619530876.345032, 33
1619530876.359016, 32
1619530876.375281, 32
1619530876.391837, 33
1619530876.406325, 34
1619530876.420544, 33
1619530876.436218, 31
1619530876.451394, 33
1619530876.465708, 33
1619530876.480465, 34
1619530876.495363, 35
1619530876.509545, 35
1619530876.523848, 34
1619530876.539983, 35
1619530876.554280, 36
1619530876.568608, 35
1619530876.584367, 34
1619530876.599288, 34
1619530876.614352, 34
1619530876.633483, 34
1619530876.652101, 34
1619530876.665987, 35
1619530876.680372, 35
1619530876.696066, 35
1619530876.711415, 36
1619530876.725750, 35
1619530876.740958, 36
1619530876.755411, 36
1619530876.769965, 35
1619530876.786034, 36
1619530876.802314, 35
1619530876.816972, 36
1619530876.831789, 35
1619530876.845554, 35
1619530876.865078, 36
1619530876.879452, 36
1619530876.893428, 37
1619530876.908191, 36
1619530876.925906, 37
1619530876.941953, 36
1619530876.956141, 38
1619530876.972219, 36
1619530876.990577, 37
1619530877.010220, 37
1619530877.026047, 36
1619530877.040492, 36
1619530877.055705, 36
1619530877.070685, 36
1619530877.084658, 36
1619530877.101171, 38
1619530877.116899, 39
1619530877.134050, 38
1619530877.148233, 39
1619530877.164194, 38
1619530877.178683, 38
1619530877.193181, 37
1619530877.208011, 37
1619530877.225245, 36
1619530877.239533, 36
1619530877.255077, 38
1619530877.270075, 38
1619530877.286797, 37
1619530877.302944, 38
1619530877.316414, 38
1619530877.333196, 38
1619530877.350168, 39
1619530877.365417, 39
1619530877.379178, 39
1619530877.395100, 38
1619530877.410037, 38
1619530877.423932, 38
1619530877.442668, 38
1619530877.459371, 37
1619530877.475235, 39
1619530877.489513, 38
1619530877.504906, 38
1619530877.521114, 40
1619530877.535811, 40
1619530877.550264, 40
1619530877.566768, 40
1619530877.582494, 40
1619530877.597139, 40
1619530877.611157, 39
1619530877.630582, 38
1619530877.644976, 40
1619530877.659612, 39
1619530877.673921, 39
1619530877.688341, 40
1619530877.702212, 40
1619530877.716826, 40
1619530877.732019, 41
1619530877.746886, 42
1619530877.761535, 41
1619530877.776768, 42
1619530877.790654, 42
1619530877.804626, 41
1619530877.822571, 41
1619530877.838240, 40
1619530877.851756, 41
1619530877.870099, 40
1619530877.885341, 41
1619530877.899967, 42
1619530877.914854, 41
1619530877.929471, 40
1619530877.943697, 40
1619530877.960969, 41
1619530877.977944, 41
1619530877.993701, 42
1619530878.007622, 42
1619530878.022232, 42
1619530878.038756, 42
1619530878.053757, 41
1619530878.068185, 41
1619530878.084152, 41
1619530878.097924, 42
1619530878.112327, 41
1619530878.126661, 40
1619530878.142026, 42
1619530878.156169, 42
1619530878.173107, 43
1619530878.190463, 42
1619530878.205056, 43
1619530878.218857, 42
1619530878.235449, 43
1619530878.250971, 44
1619530878.267572, 45
1619530878.281237, 42
1619530878.297115, 42
1619530878.312281, 41
1619530878.327168, 41
1619530878.343145, 43
1619530878.357922, 42
1619530878.375247, 42
1619530878.389220, 43
1619530878.410683, 43
1619530878.429417, 43
1619530878.444105, 45
1619530878.460378, 44
1619530878.475034, 45
1619530878.490265, 45
1619530878.505187, 43
1619530878.518928, 43
1619530878.534144, 44
1619530878.549255, 43
1619530878.563533, 43
1619530878.577625, 43
1619530878.595658, 43
1619530878.609806, 44
1619530878.624938, 45
1619530878.638731, 45
1619530878.653766, 45
1619530878.668107, 45
1619530878.683957, 45
1619530878.698398, 45
1619530878.712608, 43
1619530878.726842, 43
1619530878.741818, 44
1619530878.757334, 45
1619530878.772958, 44
1619530878.787062, 45
1619530878.803081, 45
1619530878.816821, 45
1619530878.831991, 43
1619530878.846267, 44
1619530878.859959, 45
1619530878.875331, 45
1619530878.889950, 46
1619530878.904236, 45
1619530878.920179, 46
1619530878.937005, 46
1619530878.951147, 46
1619530878.965477, 46
1619530878.980496, 46
1619530878.994897, 44
1619530879.009334, 45
1619530879.026340, 45
1619530879.041930, 45
1619530879.059726, 45
1619530879.073565, 46
1619530879.092110, 47
1619530879.107344, 47
1619530879.121496, 46
1619530879.137749, 47
1619530879.153565, 47
1619530879.168040, 47
1619530879.185873, 47
1619530879.200207, 47
1619530879.215600, 46
1619530879.230063, 46
1619530879.244213, 46
1619530879.258984, 46
1619530879.273720, 47
1619530879.288129, 47
1619530879.302638, 47
1619530879.319122, 47
1619530879.333266, 48
1619530879.347282, 48
1619530879.364366, 49
1619530879.379197, 48
1619530879.393623, 48
1619530879.407519, 47
1619530879.421840, 49
1619530879.438503, 47
1619530879.453369, 47
1619530879.470315, 47
1619530879.485635, 47
1619530879.502241, 48
1619530879.515753, 47
1619530879.534099, 46
1619530879.549665, 47
1619530879.563826, 48
1619530879.578710, 48
1619530879.594078, 49
1619530879.608541, 49
1619530879.622706, 48
1619530879.637857, 49
1619530879.652497, 49
1619530879.667252, 48
1619530879.681738, 48
1619530879.698836, 48
1619530879.715498, 48
1619530879.729677, 49
1619530879.745346, 49
1619530879.764061, 48
1619530879.778729, 48
1619530879.793945, 49
1619530879.811778, 48
1619530879.826769, 50
1619530879.840697, 50
1619530879.854529, 49
1619530879.869919, 49
1619530879.884810, 48
1619530879.900265, 48
1619530879.917076, 48
1619530879.931207, 48
1619530879.945301, 48
1619530879.961509, 47
1619530879.977321, 48
1619530879.991931, 48
1619530880.006032, 48
1619530880.022722, 49
1619530880.037178, 49
1619530880.051175, 50
1619530880.071780, 50
1619530880.085933, 49
1619530880.103917, 49
1619530880.118283, 43
1619530880.137112, 36
1619530880.152975, 30
1619530880.167512, 24
1619530880.182470, 20
1619530880.198098, 22
1619530880.217303, 21
1619530880.231254, 22
1619530880.245653, 22
1619530880.260620, 23
1619530880.275035, 24
1619530880.289802, 24
1619530880.304220, 23
1619530880.319084, 22
1619530880.335729, 22
1619530880.350246, 23
1619530880.364515, 23
1619530880.378933, 23
1619530880.396430, 22
1619530880.410960, 24
1619530880.425562, 23
1619530880.442615, 24
1619530880.458371, 24
1619530880.471966, 23
1619530880.487820, 23
1619530880.504551, 24
1619530880.522606, 25
1619530880.537633, 24
1619530880.553214, 25
1619530880.569811, 25
1619530880.584796, 24
1619530880.601630, 26
1619530880.619424, 25
1619530880.633830, 26
1619530880.648620, 24
1619530880.666297, 24
1619530880.683265, 26
1619530880.698390, 25
1619530880.713442, 25
1619530880.731788, 26
1619530880.746201, 25
1619530880.760819, 26
1619530880.778210, 27
1619530880.793681, 28
1619530880.808769, 27
1619530880.824554, 26
1619530880.839967, 26
1619530880.855998, 25
1619530880.872038, 26
1619530880.887658, 27
1619530880.907611, 26
1619530880.921365, 26
1619530880.938200, 26
1619530880.955658, 28
1619530880.970953, 28
1619530880.986501, 27
1619530881.005396, 27
1619530881.019907, 28
1619530881.033791, 26
1619530881.049631, 28
1619530881.064183, 28
1619530881.080055, 27
1619530881.095634, 28
1619530881.112624, 27
1619530881.127809, 28
1619530881.144844, 28
1619530881.158875, 28
1619530881.173996, 29
1619530881.188759, 29
1619530881.205742, 29
1619530881.222430, 28
1619530881.237865, 28
1619530881.252810, 29
1619530881.268180, 29
1619530881.284635, 29
1619530881.300313, 28
1619530881.317687, 28
1619530881.332378, 31
1619530881.348095, 30
1619530881.364062, 31
1619530881.378744, 31
1619530881.393523, 31
1619530881.410094, 29
1619530881.425463, 29
1619530881.440053, 31
1619530881.460088, 30
1619530881.477106, 29
1619530881.491546, 30
1619530881.506311, 30
1619530881.522032, 30
1619530881.536098, 32
1619530881.552010, 31
1619530881.565831, 31
1619530881.581674, 31
1619530881.596052, 31
1619530881.611368, 31
1619530882.166296, 30
1619530882.180445, 31
1619530882.195355, 31
1619530882.211291, 30
1619530882.227289, 31
1619530882.242835, 31
1619530882.259683, 32
1619530882.274838, 32
1619530882.291956, 32
1619530882.307373, 32
1619530882.325085, 31
1619530882.340623, 32
1619530882.356448, 33
1619530882.371588, 32
1619530882.388625, 32
1619530882.403580, 33
1619530882.418602, 32
1619530882.435260, 31
1619530882.451459, 33
1619530882.466899, 33
1619530882.485983, 33
1619530882.504666, 33
1619530882.520298, 35
1619530882.534651, 33
1619530882.550315, 32
1619530882.565667, 34
1619530882.581582, 33
1619530882.596591, 33
1619530882.610614, 34
1619530882.626387, 34
1619530882.640573, 33
1619530882.660891, 34
1619530882.682720, 34
1619530882.697251, 34
1619530882.711067, 35
1619530882.728072, 35
1619530882.744682, 34
1619530882.768677, 34
1619530882.783921, 35
1619530882.797610, 35
1619530882.812729, 34
1619530882.826969, 34
1619530882.843117, 34
1619530882.858037, 35
1619530882.873388, 35
1619530882.889583, 36
1619530882.904496, 37
1619530882.921003, 36
1619530882.941299, 36
1619530882.958597, 36
1619530882.974253, 35
1619530882.988895, 34
1619530883.005865, 36
1619530883.022318, 37
1619530883.101567, 36
1619530883.120042, 36
1619530883.135433, 37
1619530883.151178, 36
1619530883.165917, 37
1619530883.180495, 38
1619530883.194909, 37
1619530883.209935, 36
1619530883.225038, 37
1619530883.240228, 37
1619530883.256414, 36
1619530883.270857, 36
1619530883.285041, 36
1619530883.299998, 37
1619530883.314135, 36
1619530883.328738, 37
1619530883.345449, 37
1619530883.360018, 38
1619530883.375188, 38
1619530883.392286, 39
1619530883.407205, 37
1619530883.423851, 36
1619530883.439824, 38
1619530883.455742, 38
1619530883.469963, 38
1619530883.484504, 37
1619530883.499699, 37
1619530883.518859, 37
1619530883.534420, 38
1619530883.549802, 39
1619530883.564464, 40
1619530883.581039, 37
1619530883.595794, 39
1619530883.610537, 40
1619530883.626982, 39
1619530883.642403, 38
1619530883.656436, 38
1619530883.669994, 39
1619530883.684493, 39
1619530883.698317, 39
1619530883.714152, 38
1619530883.728488, 38
1619530883.747703, 39
1619530883.762196, 39
1619530883.776137, 40
1619530883.790484, 40
1619530883.805286, 41
1619530883.828946, 39
1619530883.862695, 39
1619530883.877906, 39
1619530883.891843, 39
1619530883.906978, 39
1619530883.921421, 40
1619530883.935846, 40
1619530883.951647, 39
1619530883.966986, 40
1619530883.983297, 41
1619530883.998452, 40
1619530884.014374, 41
1619530884.028590, 41
1619530884.043162, 42
1619530884.058042, 41
1619530884.072814, 40
1619530884.088764, 41
1619530884.106403, 40
1619530884.122252, 41
1619530884.138684, 41
1619530884.153201, 40
1619530884.170174, 41
1619530884.188023, 42
1619530884.202426, 41
1619530884.219068, 40
1619530884.234088, 42
1619530884.248553, 42
1619530884.262854, 41
1619530884.278368, 42
1619530884.292515, 41
1619530884.309894, 42
1619530884.326116, 41
1619530884.341027, 41
1619530884.356159, 42
1619530884.370982, 41
1619530884.385573, 42
1619530884.402746, 41
1619530884.417092, 42
1619530884.432302, 42
1619530884.447342, 43
1619530884.464180, 42
1619530884.479074, 42
1619530884.494052, 43
1619530884.510064, 42
1619530884.527083, 42
1619530884.543065, 43
1619530884.558202, 43
1619530884.576462, 43
1619530884.591113, 42
1619530884.605959, 41
1619530884.621107, 43
1619530884.636255, 43
1619530884.651028, 44
1619530884.666512, 44
1619530884.681319, 43
1619530884.695856, 44
1619530884.712745, 42
1619530884.728698, 42
1619530884.742784, 44
1619530884.761303, 44
1619530884.778109, 44
1619530884.793187, 44
1619530884.807182, 44
1619530884.824867, 43
1619530884.842496, 44
1619530884.857622, 44
1619530884.871997, 44
1619530884.890840, 44
1619530884.905706, 45
1619530884.920530, 46
1619530884.935443, 46
1619530884.951553, 45
1619530884.966002, 44
1619530884.981031, 45
1619530884.997212, 45
1619530885.011565, 45
1619530885.026372, 44
1619530885.044095, 44
1619530885.058882, 45
1619530885.076483, 45
1619530885.092250, 46
1619530885.108085, 45
1619530885.122865, 46
1619530885.138786, 46
1619530885.153108, 46
1619530885.168822, 45
1619530885.184388, 44
1619530885.199052, 45
1619530885.215150, 45
1619530885.229149, 46
1619530885.242951, 45
1619530885.258782, 44
1619530885.273852, 45
1619530885.288475, 45
1619530885.303858, 47
1619530885.318188, 46
1619530885.332296, 47
1619530885.348421, 46
1619530885.364827, 46
1619530885.379942, 47
1619530885.394280, 47
1619530885.408936, 46
1619530885.425322, 46
1619530885.440397, 45
1619530885.457202, 45
1619530885.474807, 46
1619530885.489479, 46
1619530885.503583, 47
1619530885.523022, 47
1619530885.540913, 47
1619530885.555111, 48
1619530885.569947, 47
1619530885.586016, 47
1619530885.604845, 48
1619530885.619952, 48
1619530885.634664, 47
1619530885.649209, 47
1619530885.663839, 47
1619530885.678765, 47
1619530885.693487, 47
1619530885.713398, 46
1619530885.729380, 48
1619530885.744587, 47
1619530885.760781, 47
1619530885.779018, 49
1619530885.794855, 48
1619530885.809329, 48
1619530885.824604, 48
1619530885.841102, 48
1619530885.856056, 48
1619530885.869988, 48
1619530885.887554, 47
1619530885.903815, 46
1619530885.921134, 48
1619530885.934943, 46
1619530885.950466, 46
1619530885.967092, 48
1619530885.980701, 47
1619530885.998747, 48
1619530886.014044, 49
1619530886.027872, 49
1619530886.043879, 48
1619530886.059405, 48
1619530886.073607, 48
1619530886.088581, 48
1619530886.103318, 48
1619530886.117637, 41
1619530886.134866, 33
1619530886.151902, 27
1619530886.167931, 21
1619530886.182291, 20
1619530886.196938, 20
1619530886.213489, 22
1619530886.228100, 23
1619530886.242016, 22
1619530886.256742, 21
1619530886.272079, 22
1619530886.288522, 22
1619530886.303914, 22
1619530886.320729, 21
1619530886.335397, 22
1619530886.352298, 22
1619530886.367366, 22
1619530886.381340, 23
1619530886.401048, 22
1619530886.416904, 24
1619530886.432195, 24
1619530886.446978, 23
1619530886.460846, 24
1619530886.475271, 23
1619530886.489759, 23
1619530886.509033, 23
1619530886.525320, 24
1619530886.540540, 24
1619530886.555876, 23
1619530886.572577, 25
1619530886.587134, 25
1619530886.604676, 25
1619530886.620963, 25
1619530886.635544, 26
1619530886.650379, 24
1619530886.667670, 25
1619530886.682276, 25
1619530886.696256, 25
1619530886.711399, 23
1619530886.727743, 24
1619530886.743740, 25
1619530886.759180, 26
1619530886.776522, 27
1619530886.790927, 26
1619530886.806779, 26
1619530886.823073, 26
1619530886.838661, 25
1619530886.852600, 26
1619530886.868437, 26
1619530886.882824, 26
1619530886.896816, 27
1619530886.914483, 26
1619530886.930084, 27
1619530886.946033, 26
1619530886.961699, 27
1619530886.977160, 28
1619530886.992441, 28
1619530887.006618, 29
1619530887.022181, 27
1619530887.041747, 26
1619530887.056624, 28
1619530887.070732, 27
1619530887.086690, 27
1619530887.102861, 27
1619530887.118080, 28
1619530887.133013, 27
1619530887.148996, 29
1619530887.163219, 30
1619530887.177179, 30
1619530887.198080, 29
1619530887.214282, 28
1619530887.229695, 29
1619530887.243622, 28
1619530887.260320, 28
1619530887.275631, 28
1619530887.289432, 28
1619530887.303937, 28
1619530887.319126, 29
1619530887.337253, 30
1619530887.351178, 29
1619530887.367948, 29
1619530887.383612, 31
1619530887.398347, 30
1619530887.414318, 28
1619530887.428600, 30
1619530887.444128, 30
1619530887.458669, 28
1619530887.475956, 29
1619530887.490614, 29
1619530887.505461, 31
1619530887.521071, 30
1619530887.536259, 30
1619530887.550834, 32
1619530887.565380, 33
1619530887.581624, 31
1619530887.595746, 32
1619530887.611820, 31
1619530887.626625, 30
1619530887.641673, 29
1619530887.657586, 30
1619530887.673736, 31
1619530887.688734, 31
1619530887.709741, 32
1619530887.725744, 33
1619530887.740131, 32
1619530887.755868, 32
1619530887.773761, 33
1619530887.788519, 33
1619530887.803800, 31
1619530887.821745, 32
1619530887.836571, 32
1619530887.852421, 31
1619530887.869327, 31
1619530887.884442, 32
1619530887.898495, 32
1619530887.915156, 33
1619530887.929550, 34
1619530887.943836, 33
1619530887.963164, 32
1619530887.979095, 33
1619530887.994397, 33
1619530888.009795, 32
1619530888.024424, 33
1619530888.041132, 33
1619530888.055015, 34
1619530888.072507, 33
1619530888.087666, 33
1619530888.101762, 34
1619530888.117651, 34
1619530888.132029, 34
1619530888.146162, 34
1619530888.161292, 34
1619530888.177274, 34
1619530888.193748, 33
1619530888.209742, 33
1619530888.225161, 32
1619530888.241254, 32
1619530888.256635, 35
1619530888.275159, 35
1619530888.291828, 34
1619530888.305851, 34
1619530888.322033, 35
1619530888.337775, 34
1619530888.353533, 35
1619530888.368451, 35
1619530888.388772, 35
1619530888.403823, 33
1619530888.418513, 34
1619530888.436807, 35
1619530888.453563, 35
1619530888.469566, 34
1619530888.485295, 36
1619530888.501939, 36
1619530888.516344, 35
1619530888.532167, 36
1619530888.551468, 36
1619530888.568807, 36
1619530888.583958, 37
1619530888.598684, 36
1619530888.618850, 35
1619530888.634123, 35
1619530888.648197, 36
1619530888.665788, 36
1619530888.682095, 36
1619530888.700997, 37
1619530888.715087, 37
1619530888.729213, 38
1619530888.743511, 38
1619530888.759147, 37
1619530888.773851, 37
1619530888.788260, 37
1619530888.804604, 36
1619530888.819040, 36
1619530888.833084, 37
1619530888.849513, 36
1619530888.865744, 38
1619530888.879860, 37
1619530888.895423, 36
1619530888.911514, 38
1619530888.926094, 37
1619530888.940762, 39
1619530888.956132, 37
1619530888.971011, 39
1619530888.985723, 39
1619530889.001221, 38
1619530889.016047, 39
1619530889.030706, 38
1619530889.047429, 37
1619530889.062380, 38
1619530889.077256, 38
1619530889.091736, 38
1619530889.108220, 38
1619530889.123086, 39
1619530889.137811, 39
1619530889.154795, 39
1619530889.169077, 40
1619530889.186978, 40
1619530889.202527, 40
1619530889.216847, 40
1619530889.232502, 40
1619530889.249820, 39
1619530889.268545, 39
1619530889.283084, 38
1619530889.300472, 39
1619530889.316636, 40
1619530889.331591, 39
1619530889.346320, 39
1619530889.364557, 40
1619530889.379056, 41
1619530889.394121, 40
1619530889.410421, 40
1619530889.425346, 40
1619530889.439361, 40
1619530889.456183, 41
1619530889.473911, 39
1619530889.490025, 39
1619530889.504620, 40
1619530889.520665, 41
1619530889.535314, 40
1619530889.550091, 40
1619530889.565487, 40
1619530889.584652, 40
1619530889.600042, 41
1619530889.614089, 41
1619530889.628897, 42
1619530889.647707, 41
1619530889.662282, 42
1619530889.675886, 40
1619530889.695605, 39
1619530889.711313, 40
1619530889.728440, 41
1619530889.743114, 41
1619530889.758233, 41
1619530889.772851, 41
1619530889.787111, 41
1619530889.801344, 42
1619530889.816869, 43
1619530889.831971, 43
1619530889.847861, 43
1619530889.865008, 42
1619530889.880723, 42
1619530889.897376, 41
1619530889.912811, 41
1619530889.929192, 41
1619530889.945016, 42
1619530889.959192, 43
1619530889.977024, 42
1619530889.992812, 43
1619530890.007211, 42
1619530890.024185, 44
1619530890.039323, 44
1619530890.053795, 43
1619530890.068607, 44
1619530890.083559, 44
1619530890.097982, 43
1619530890.112152, 44
1619530890.133034, 42
1619530890.149021, 42
1619530890.163815, 42
1619530890.183082, 44
1619530890.197804, 44
1619530890.213132, 43
1619530890.228797, 43
1619530890.243834, 44
1619530890.258296, 44
1619530890.273072, 45
1619530890.287955, 45
1619530890.301852, 45
1619530890.316958, 44
1619530890.332623, 44
1619530890.347712, 43
1619530890.363042, 43
1619530890.378668, 44
1619530890.396186, 43
1619530890.414869, 42
1619530890.430433, 42
1619530890.447115, 44
1619530890.461367, 45
1619530890.477832, 46
1619530890.492105, 45
1619530890.508458, 46
1619530890.524222, 45
1619530890.539551, 45
1619530890.556285, 45
1619530890.573445, 44
1619530890.588285, 45
1619530890.603730, 46
1619530890.619616, 44
1619530890.634717, 44
1619530890.649303, 44
1619530890.666059, 44
1619530890.682147, 45
1619530890.697263, 45
1619530890.716202, 45
1619530890.732621, 46
1619530890.748154, 47
1619530890.762671, 46
1619530890.778057, 46
1619530890.796196, 46
1619530890.810801, 47
1619530890.825451, 45
1619530890.842768, 45
1619530890.858277, 45
1619530890.872528, 46
1619530890.888746, 46
1619530890.906640, 46
1619530890.922087, 46
1619530890.936113, 48
1619530890.954304, 47
1619530890.968409, 48
1619530890.983665, 47
1619530890.998932, 47
1619530891.016763, 47
1619530891.032710, 47
1619530891.047782, 47
1619530891.063198, 47
1619530891.084197, 47
1619530891.099877, 46
1619530891.114422, 47
1619530891.132514, 48
1619530891.152735, 46
1619530891.169832, 47
1619530891.184488, 48
1619530891.203135, 47
1619530891.218057, 49
1619530891.232694, 48
1619530891.251040, 48
1619530891.265496, 49
1619530891.280306, 47
1619530891.295428, 47
1619530891.316671, 48
1619530891.332511, 47
1619530891.348974, 47
1619530891.363382, 48
1619530891.381720, 48
1619530891.395985, 47
1619530891.411361, 49
1619530891.425911, 49
1619530891.441648, 50
1619530891.456166, 49
1619530891.471278, 48
1619530891.487156, 49
1619530891.501858, 48
1619530891.516447, 48
1619530891.531618, 47
1619530891.548678, 48
1619530891.563325, 48
1619530891.579777, 48
1619530891.594657, 47
1619530891.608492, 47
1619530891.624160, 48
1619530891.639052, 48
1619530891.652928, 49
1619530891.670254, 49
1619530891.685759, 48
1619530891.700472, 47
1619530891.715914, 41
1619530891.734850, 33
1619530891.749493, 30
1619530891.764724, 23
1619530891.780743, 20
1619530891.795208, 19
1619530891.809329, 21
1619530891.830564, 20
1619530891.847895, 21
1619530891.862157, 23
1619530891.876308, 23
1619530891.894943, 22
1619530891.910283, 21
1619530891.924417, 21
1619530891.939805, 23
1619530891.955557, 23
1619530891.971272, 23
1619530891.986150, 22
1619530892.000649, 23
1619530892.014787, 23
1619530892.030044, 23
1619530892.047418, 25
1619530892.063657, 25
1619530892.077639, 23
1619530892.094589, 24
1619530892.109588, 23
1619530892.125709, 22
1619530892.140529, 23
1619530892.157374, 22
1619530892.173228, 23
1619530892.188232, 23
1619530892.202844, 23
1619530892.219325, 25
1619530892.235082, 26
1619530892.249052, 25
1619530892.263726, 24
1619530892.278697, 24
1619530892.294102, 25
1619530892.311497, 24
1619530892.328382, 24
1619530892.342167, 25
1619530892.357522, 24
1619530892.373407, 25
1619530892.388437, 26
1619530892.402891, 26
1619530892.419025, 26
1619530892.433966, 27
1619530892.448009, 27
1619530892.462910, 26
1619530892.478043, 26
1619530892.492524, 26
1619530892.511972, 26
1619530892.528000, 27
1619530892.542753, 27
1619530892.558205, 27
1619530892.575273, 27
1619530892.589556, 28
1619530892.604588, 27
1619530892.620107, 28
1619530892.636651, 27
1619530892.651324, 26
1619530892.667610, 27
1619530892.684247, 27
1619530892.698531, 28
1619530892.713308, 28
1619530892.727712, 27
1619530892.743371, 27
1619530892.758835, 28
1619530892.775784, 30
1619530892.791958, 29
1619530892.807578, 29
1619530892.822918, 27
1619530892.838778, 27
1619530892.854731, 27
1619530892.868888, 29
1619530892.884186, 29
1619530892.898740, 28
1619530892.912568, 28
1619530892.932114, 30
1619530892.947084, 31
1619530892.961175, 30
1619530892.977032, 30
1619530892.992483, 31
1619530893.012454, 29
1619530893.026304, 29
1619530893.041484, 29
1619530893.056372, 30
1619530893.070581, 29
1619530893.085199, 29
1619530893.100079, 30
1619530893.114881, 30
1619530893.129475, 31
1619530893.144054, 31
1619530893.160599, 31
1619530893.178126, 32
1619530893.193666, 32
1619530893.208455, 30
1619530893.223102, 31
1619530893.238787, 30
1619530893.253900, 30
1619530893.268475, 31
1619530893.287386, 30
1619530893.306263, 31
1619530893.321935, 32
1619530893.337427, 32
1619530893.353476, 31
1619530893.371386, 33
1619530893.387976, 32
1619530893.402514, 32
1619530893.420877, 31
1619530893.436462, 32
1619530893.450436, 32
1619530893.465796, 31
1619530893.482108, 32
1619530893.496557, 32
1619530893.511486, 32
1619530893.526454, 32
1619530893.541289, 34
1619530893.558666, 33
1619530893.573698, 33
1619530893.587932, 33
1619530893.603807, 32
1619530893.621974, 33
1619530893.635849, 34
1619530893.651094, 33
1619530893.668250, 33
1619530893.683995, 31
1619530893.699089, 33
1619530893.714957, 33
1619530893.732165, 34
1619530893.747975, 34
1619530893.764876, 35
1619530893.781257, 34
1619530893.795859, 34
1619530893.811394, 33
1619530893.832266, 34
1619530893.847840, 33
1619530893.863100, 34
1619530893.880781, 34
1619530893.901609, 35
1619530893.916405, 35
1619530893.929919, 35
1619530893.947635, 35
1619530893.963133, 36
1619530893.980688, 35
1619530893.994657, 35
1619530894.010722, 35
1619530894.025782, 36
1619530894.043856, 35
1619530894.059278, 35
1619530894.073461, 35
1619530894.091210, 35
1619530894.107257, 35
1619530894.122897, 36
1619530894.137563, 36
1619530894.152749, 37
1619530894.167724, 37
1619530894.182724, 36
1619530894.197970, 37
1619530894.213603, 35
1619530894.228192, 36
1619530894.244250, 37
1619530894.258778, 36
1619530894.273926, 37
1619530894.288343, 36
1619530894.308421, 36
1619530894.324382, 35
1619530894.342168, 38
1619530894.357037, 39
1619530894.372810, 37
1619530894.389688, 38
1619530894.406761, 38
1619530894.422165, 37
1619530894.438118, 36
1619530894.457422, 36
1619530894.476499, 37
1619530894.491249, 36
1619530894.506071, 38
1619530894.520254, 38
1619530894.538008, 37
1619530894.556674, 39
1619530894.572786, 39
1619530894.590555, 38
1619530894.606804, 38
1619530894.622450, 39
1619530894.636929, 40
1619530894.652387, 38
1619530894.668367, 39
1619530894.685829, 39
1619530894.700906, 39
1619530894.717479, 39
1619530894.733621, 38
1619530894.750254, 38
1619530894.765188, 40
1619530894.782715, 39
1619530894.802081, 40
1619530894.818195, 39
1619530894.833199, 40
1619530894.850778, 39
1619530894.865959, 39
1619530894.880034, 40
1619530894.895751, 40
1619530894.910472, 40
1619530894.925516, 40
1619530894.942154, 40
1619530894.958629, 40
1619530894.974159, 39
1619530894.987604, 42
1619530895.003439, 41
1619530895.019413, 41
1619530895.033692, 40
1619530895.048804, 41
1619530895.063273, 41
1619530895.078167, 39
1619530895.101602, 40
1619530895.116519, 40
1619530895.131091, 40
1619530895.147660, 39
1619530895.163633, 41
1619530895.180536, 41
1619530895.198179, 41
1619530895.213132, 42
1619530895.229295, 41
1619530895.244653, 42
1619530895.261100, 42
1619530895.275184, 42
1619530895.290429, 42
1619530895.305970, 41
1619530895.345778, 39
1619530895.375634, 42
1619530895.392772, 42
1619530895.410427, 42
1619530895.425333, 42
1619530895.440755, 43
1619530895.456700, 42
1619530895.472499, 44
1619530895.487652, 42
1619530895.505056, 43
1619530895.522076, 42
1619530895.537629, 41
1619530895.553268, 42
1619530895.568957, 43
1619530895.584517, 42
1619530895.600785, 42
1619530895.616196, 43
1619530895.632474, 42
1619530895.649011, 44
1619530895.664828, 42
1619530895.679140, 44
1619530895.693665, 44
1619530895.712006, 43
1619530895.728099, 44
1619530895.742447, 43
1619530895.758101, 42
1619530895.773723, 43
1619530895.788568, 42
1619530895.804334, 43
1619530895.820556, 43
1619530895.835274, 44
1619530895.851975, 44
1619530895.867248, 44
1619530895.881849, 44
1619530895.896912, 45
1619530895.914841, 45
1619530895.928909, 44
1619530895.942770, 45
1619530895.958653, 44
1619530895.973860, 45
1619530895.988292, 45
1619530896.002945, 43
1619530896.019639, 43
1619530896.035999, 45
1619530896.049983, 44
1619530896.066701, 43
1619530896.082667, 45
1619530896.097889, 44
1619530896.115023, 45
1619530896.141728, 45
1619530896.157483, 45
1619530896.173540, 45
1619530896.219759, 45
1619530896.237861, 47
1619530896.259209, 44
1619530896.275159, 44
1619530896.290124, 44
1619530896.305586, 45
1619530896.321884, 46
1619530896.339918, 45
1619530896.354202, 46
1619530896.371718, 46
1619530896.399375, 46
1619530896.413819, 46
1619530896.428915, 47
1619530896.443381, 47
1619530896.457492, 47
1619530896.471459, 47
1619530896.504825, 46
1619530896.524309, 45
1619530896.540285, 45
1619530896.555519, 46
1619530896.569280, 46
1619530896.585638, 45
1619530896.600300, 46
1619530896.616257, 46
1619530896.630827, 48
1619530896.647795, 47
1619530896.662887, 47
1619530896.676851, 47
1619530896.693209, 48
1619530896.708990, 48
1619530896.725736, 48
1619530896.740554, 48
1619530896.755321, 46
1619530896.772116, 47
1619530896.785816, 47
1619530896.801440, 47
1619530896.817196, 46
1619530896.831452, 46
1619530896.848320, 48
1619530896.867070, 48
1619530896.882109, 48
1619530896.897127, 49
1619530896.912826, 48
1619530896.928403, 48
1619530896.945100, 48
1619530896.960129, 48
1619530896.978206, 47
1619530896.992809, 48
1619530897.008559, 48
1619530897.024304, 47
1619530897.040712, 48
1619530897.056904, 48
1619530897.073735, 47
1619530897.091742, 48
1619530897.109553, 49
1619530897.124933, 49
1619530897.141655, 49
1619530897.157794, 48
1619530897.172905, 49
1619530897.189987, 48
1619530897.206470, 48
1619530897.223243, 47
1619530897.242536, 48
1619530897.256608, 47
1619530897.271713, 48
1619530897.286558, 49
1619530897.302244, 49
1619530897.322442, 48
1619530897.340616, 49
1619530897.357658, 49
1619530897.376208, 48
1619530897.390773, 45
1619530897.406412, 38
1619530897.421898, 31
1619530897.436276, 27
1619530897.452043, 21
1619530897.467738, 21
1619530897.482394, 22
1619530897.500124, 22
1619530897.519090, 22
1619530897.534014, 22
1619530897.548634, 23
1619530897.563026, 22
1619530897.577727, 22
1619530897.591772, 22
1619530897.606785, 22
1619530897.623340, 22
1619530897.637596, 21
1619530897.651791, 22
1619530897.666854, 22
1619530897.682941, 22
1619530897.697513, 22
1619530897.715095, 24
1619530897.730274, 25
1619530897.747738, 26
1619530897.763047, 26
1619530897.778595, 23
1619530897.793228, 24
1619530897.807187, 24
1619530897.821895, 24
1619530897.837064, 23
1619530897.851324, 23
1619530897.865766, 24
1619530897.881653, 24
1619530897.896504, 26
1619530897.913392, 25
1619530897.931617, 25
1619530897.947676, 26
1619530897.961813, 24
1619530897.976580, 23
1619530897.991548, 25
1619530898.005493, 24
1619530898.021453, 25
1619530898.037070, 25
1619530898.051646, 26
1619530898.068572, 24
1619530898.085780, 26
1619530898.100660, 26
1619530898.115229, 27
1619530898.129731, 26
1619530898.144908, 27
1619530898.161657, 26
1619530898.175440, 25
1619530898.193743, 26
1619530898.208626, 26
1619530898.222994, 27
1619530898.238609, 27
1619530898.253954, 27
1619530898.268488, 26
1619530898.285010, 27
1619530898.298876, 29
1619530898.313383, 28
1619530898.328106, 27
1619530898.343946, 27
1619530898.361322, 27
1619530898.376095, 28
1619530898.392134, 27
1619530898.407445, 28
1619530898.421831, 27
1619530898.437022, 27
1619530898.452838, 29
1619530898.467877, 29
1619530898.483824, 28
1619530898.499771, 28
1619530898.515157, 29
1619530898.531106, 28
1619530898.549826, 29
1619530898.564933, 29
1619530898.579348, 28
1619530898.593838, 28
1619530898.609893, 28
1619530898.624432, 29
1619530898.640224, 29
1619530898.655012, 30
1619530898.668968, 30
1619530898.683768, 30
1619530898.700742, 30
1619530898.717787, 30
1619530898.734571, 28
1619530898.749413, 30
1619530898.763889, 30
1619530898.779772, 30
1619530898.794656, 31
1619530898.808721, 30
1619530898.823691, 30
1619530898.840554, 32
1619530898.854889, 31
1619530898.870907, 29
1619530898.886504, 31
1619530898.900917, 31
1619530898.915513, 30
1619530898.931480, 31
1619530898.945795, 31
1619530898.959756, 31
1619530898.975269, 31
1619530898.989691, 31
1619530899.004496, 32
1619530899.020969, 32
1619530899.036359, 32
1619530899.052471, 32
1619530899.074025, 33
1619530899.097817, 32
1619530899.114093, 32
1619530899.127871, 31
1619530899.142836, 33
1619530899.157774, 32
1619530899.172843, 31
1619530899.189463, 32
1619530899.206960, 32
1619530899.225375, 31
1619530899.241025, 33
1619530899.255607, 33
1619530899.269579, 34
1619530899.283884, 34
1619530899.299308, 34
1619530899.316125, 31
1619530899.365211, 33
1619530899.382579, 33
1619530899.396308, 33
1619530899.413635, 34
1619530899.428263, 34
1619530899.443587, 33
1619530899.458642, 34
1619530899.473805, 34
1619530899.489256, 34
1619530899.503581, 33
1619530899.519248, 34
1619530899.533509, 33
1619530899.549508, 34
1619530899.563576, 33
1619530899.577895, 34
1619530899.595534, 34
1619530899.611856, 34
1619530899.628976, 35
1619530899.643120, 34
1619530899.664441, 35
1619530899.680095, 35
1619530899.695259, 35
1619530899.712739, 35
1619530899.729252, 35
1619530899.745184, 35
1619530899.760163, 35
1619530899.778353, 35
1619530899.794306, 36
1619530899.809590, 36
1619530899.824281, 35
1619530899.843923, 35
1619530899.860367, 36
1619530899.875122, 36
1619530899.891235, 37
1619530899.906560, 37
1619530899.920589, 37
1619530899.935175, 37
1619530899.951208, 37
1619530899.965637, 37
1619530899.981004, 36
1619530899.995849, 36
1619530900.010644, 37
1619530900.026330, 37
1619530900.042094, 36
1619530900.057563, 37
1619530900.073819, 38
1619530900.088231, 37
1619530900.104123, 36
1619530900.120176, 37
1619530900.142208, 38
1619530900.158068, 37
1619530900.176572, 38
1619530900.192691, 38
1619530900.206456, 38
1619530900.220510, 37
1619530900.235462, 38
1619530900.253933, 38
1619530900.268059, 38
1619530900.287345, 38
1619530900.302412, 39
1619530900.323078, 38
1619530900.341643, 39
1619530900.356266, 38
1619530900.380298, 38
1619530900.396533, 39
1619530900.411820, 39
1619530900.430899, 38
1619530900.445195, 38
1619530900.460708, 39
1619530900.475952, 39
1619530900.492844, 37
1619530900.507900, 40
1619530900.523280, 39
1619530900.538797, 40
1619530900.584720, 37
1619530900.600201, 41
1619530900.618964, 39
1619530900.633767, 40
1619530900.647792, 39
1619530900.666151, 39
1619530900.682853, 39
1619530900.696875, 39
1619530900.710924, 40
1619530900.725619, 40
1619530900.739756, 38
1619530900.753551, 40
1619530900.767488, 40
1619530900.781908, 40
1619530900.798955, 41
1619530900.815270, 42
1619530900.831101, 42
1619530900.845619, 40
1619530900.861047, 40
1619530900.877006, 40
1619530900.891316, 40
1619530900.907735, 40
1619530900.924128, 40
1619530900.939283, 42
1619530900.952839, 42
1619530900.972692, 41
1619530900.988651, 42
1619530901.005220, 42
1619530901.020634, 42
1619530901.036619, 41
1619530901.051882, 41
1619530901.066690, 41
1619530901.084616, 42
1619530901.101314, 42
1619530901.115256, 41
1619530901.129210, 42
1619530901.151306, 41
1619530901.170235, 41
1619530901.192610, 43
1619530901.208159, 43
1619530901.222830, 43
1619530901.239092, 42
1619530901.253796, 42
1619530901.267910, 44
1619530901.284731, 42
1619530901.299196, 43
1619530901.313528, 42
1619530901.330102, 42
1619530901.346159, 43
1619530901.361653, 41
1619530901.378193, 44
1619530901.400919, 44
1619530901.420874, 44
1619530901.435165, 44
1619530901.450292, 44
1619530901.468109, 44
1619530901.482877, 44
1619530901.497549, 44
1619530901.516729, 43
1619530901.531585, 43
1619530901.546964, 43
1619530901.560758, 43
1619530901.576574, 44
1619530901.591402, 43
1619530901.605992, 43
1619530901.622824, 43
1619530901.638539, 45
1619530901.653794, 44
1619530901.672146, 44
1619530901.687326, 44
1619530901.702288, 44
1619530901.720893, 45
1619530901.739923, 44
1619530901.757374, 44
1619530901.772521, 44
1619530901.788048, 45
1619530901.806203, 44
1619530901.821638, 43
1619530901.838031, 44
1619530901.855491, 45
1619530901.873964, 46
1619530901.888518, 46
1619530901.903066, 46
1619530901.921194, 45
1619530901.935728, 46
1619530901.949870, 46
1619530901.965878, 44
1619530901.981946, 44
1619530901.996395, 45
1619530902.012214, 46
1619530902.027467, 46
1619530902.042057, 45
1619530902.056838, 46
1619530902.075407, 45
1619530902.091038, 46
1619530902.106249, 45
1619530902.120573, 46
1619530902.138768, 46
1619530902.154628, 47
1619530902.169088, 47
1619530902.184456, 47
1619530902.198471, 47
1619530902.213104, 46
1619530902.229034, 46
1619530902.243270, 47
1619530902.257883, 46
1619530902.275910, 47
1619530902.290478, 46
1619530902.305137, 48
1619530902.320536, 47
1619530902.335735, 48
1619530902.352273, 48
1619530902.366422, 48
1619530902.383727, 47
1619530902.398620, 47
1619530902.412706, 47
1619530902.429858, 47
1619530902.448501, 46
1619530902.462100, 46
1619530902.475752, 46
1619530902.491770, 46
1619530902.507466, 47
1619530902.522845, 47
1619530902.537537, 47
1619530902.553175, 45
1619530902.567674, 48
1619530902.583579, 49
1619530902.602913, 48
1619530902.621726, 48
1619530902.637625, 48
1619530902.651355, 49
1619530902.665995, 47
1619530902.682858, 48
1619530902.697366, 49
1619530902.711895, 48
1619530902.728048, 47
1619530902.743631, 47
1619530902.760576, 47
1619530902.775732, 49
1619530902.791019, 49
1619530902.805688, 49
1619530902.822378, 49
1619530902.837789, 50
1619530902.852151, 50
1619530902.870767, 48
1619530902.885764, 50
1619530902.899679, 50
1619530902.915149, 49
1619530902.930101, 49
1619530902.945197, 49
1619530902.961749, 48
1619530902.975711, 50
1619530902.989757, 49
1619530903.004813, 48
1619530903.020671, 50
1619530903.035565, 49
1619530903.051549, 49
1619530903.067289, 49
1619530903.082307, 49
1619530903.098183, 49
1619530903.114390, 49
1619530903.130144, 50
1619530903.145205, 49
1619530903.159980, 48
1619530903.177440, 49
1619530903.196119, 48
1619530903.210243, 48
1619530903.228477, 49
1619530903.244889, 48
1619530903.260586, 48
1619530903.279195, 49
1619530903.294561, 43
1619530903.309877, 38
1619530903.325853, 31
1619530903.341760, 23
1619530903.356793, 21
1619530903.371687, 21
1619530903.386484, 22
1619530903.400814, 21
1619530903.417843, 21
1619530903.432724, 22
1619530903.447109, 23
1619530903.461769, 23
1619530903.479359, 23
1619530903.493443, 23
1619530903.509361, 24
1619530903.526788, 24
1619530903.541036, 22
1619530903.556054, 22
1619530903.572130, 23
1619530903.588702, 23
1619530903.603660, 23
1619530903.619564, 23
1619530903.635413, 23
1619530903.651323, 25
1619530903.667885, 24
1619530903.683287, 25
1619530903.698987, 24
1619530903.713413, 24
1619530903.729155, 24
1619530903.744516, 24
1619530903.758746, 25
1619530903.773508, 25
1619530903.790501, 24
1619530903.805317, 24
1619530903.820080, 26
1619530903.836093, 25
1619530903.852806, 27
1619530903.868090, 26
1619530903.882252, 25
1619530903.897611, 26
1619530903.913789, 25
1619530903.928601, 25
1619530903.942802, 25
1619530903.957765, 27
1619530903.972759, 27
1619530903.987080, 26
1619530904.005803, 27
1619530904.022941, 27
1619530904.037222, 27
1619530904.058719, 27
1619530904.073675, 26
1619530904.089033, 25
1619530904.105902, 27
1619530904.121982, 27
1619530904.137371, 27
1619530904.154208, 26
1619530904.170255, 26
1619530904.185117, 28
1619530904.201231, 28
1619530904.217574, 29
1619530904.232801, 28
1619530904.249139, 27
1619530904.265192, 27
1619530904.279810, 29
1619530904.295514, 28
1619530904.317825, 27
1619530904.334146, 28
1619530904.351847, 28
1619530904.365723, 29
1619530904.387509, 30
1619530904.404525, 28
1619530904.420759, 30
1619530904.436464, 29
1619530904.453313, 30
1619530904.470908, 28
1619530904.489172, 29
1619530904.505421, 30
1619530904.520636, 29
1619530904.534743, 30
1619530904.551067, 30
1619530904.569309, 31
1619530904.583657, 31
1619530904.597983, 30
1619530904.612470, 31
1619530904.631113, 31
1619530904.645698, 29
1619530904.660425, 30
1619530904.677418, 29
1619530904.692423, 29
1619530904.707611, 30
1619530904.723067, 30
1619530904.740537, 29
1619530904.758367, 32
1619530904.776602, 32
1619530904.791032, 33
1619530904.806659, 32
1619530904.821304, 32
1619530904.840095, 31
1619530904.854550, 31
1619530904.873947, 30
1619530904.887782, 32
1619530904.903894, 32
1619530904.918569, 32
1619530904.932936, 31
1619530904.954669, 31
1619530904.972132, 33
1619530904.988403, 34
1619530905.002851, 33
1619530905.019311, 33
1619530905.034503, 33
1619530905.049297, 33
1619530905.065122, 32
1619530905.080186, 32
1619530905.095628, 33
1619530905.109517, 32
1619530905.129084, 32
1619530905.144180, 32
1619530905.158704, 34
1619530905.172911, 35
1619530905.188948, 34
1619530905.203310, 35
1619530905.220777, 34
1619530905.240280, 33
1619530905.257980, 32
1619530905.273769, 34
1619530905.288159, 33
1619530905.303439, 33
1619530905.319462, 34
1619530905.334067, 33
1619530905.349379, 33
1619530905.364100, 34
1619530905.378140, 34
1619530905.405076, 35
1619530905.422445, 34
1619530905.436608, 34
1619530905.452417, 35
1619530905.469385, 33
1619530905.483178, 35
1619530905.497571, 34
1619530905.513944, 34
1619530905.530016, 34
1619530905.545571, 36
1619530905.575056, 36
1619530905.591182, 36
1619530905.609056, 36
1619530905.625120, 37
1619530905.640382, 34
1619530905.656668, 36
1619530905.671933, 36
1619530905.698654, 33
1619530905.728456, 37
1619530905.745690, 35
1619530905.760703, 37
1619530905.776740, 38
1619530905.791489, 38
1619530905.805689, 37
1619530905.819927, 37
1619530905.838731, 37
1619530905.853735, 37
1619530905.868733, 37
1619530905.884174, 36
1619530905.898848, 37
1619530905.915938, 36
1619530905.931247, 36
1619530905.946536, 36
1619530905.961158, 36
1619530905.977356, 37
1619530905.993215, 39
1619530906.008110, 38
1619530906.022253, 38
1619530906.038364, 37
1619530906.057025, 38
1619530906.071423, 37
1619530906.086055, 37
1619530906.102683, 38
1619530906.117925, 38
1619530906.133714, 37
1619530906.148616, 36
1619530906.165025, 37
1619530906.181960, 39
1619530906.198238, 39
1619530906.215453, 40
1619530906.231340, 40
1619530906.248538, 39
1619530906.263845, 39