1619530979.865722, 0
1619530979.881625, 1
1619530979.897228, 0
1619530979.911949, 7
1619530979.926917, 0
1619530979.941368, 6
1619530979.960546, 7
1619530979.976130, 13
1619530979.990418, 17
1619530980.006972, 20
1619530980.023076, 23
1619530980.040185, 28
1619530980.055946, 33
1619530980.072339, 37
1619530980.087942, 40
1619530980.104638, 44
1619530980.123352, 52
1619530980.144034, 56
1619530980.159434, 60
1619530980.176175, 63
1619530980.190274, 67
1619530980.208653, 74
1619530980.224432, 79
1619530980.238549, 83
1619530980.254718, 85
1619530980.269892, 91
1619530980.289119, 96
1619530980.303460, 99
1619530980.319380, 100
1619530980.335909, 100
1619530980.350645, 99
1619530980.365144, 99
1619530980.380640, 99
1619530980.398771, 100
1619530980.412771, 99
1619530980.431866, 100
1619530980.449038, 99
1619530980.464236, 99
1619530980.478729, 99
1619530980.494785, 100
1619530980.509696, 100
1619530980.523924, 100
1619530980.539261, 100
1619530980.553786, 100
1619530980.568851, 100
1619530980.583613, 100
1619530980.599636, 100
1619530980.615705, 99
1619530980.631395, 99
1619530980.649749, 100
1619530980.666627, 100
1619530980.683454, 99
1619530980.697228, 99
1619530980.714812, 100
1619530980.731909, 100
1619530980.746456, 100
1619530981.343026, 100
1619530981.360293, 99
1619530981.374526, 100
1619530981.390316, 100
1619530981.404497, 100
1619530981.419622, 100
1619530981.434338, 100
1619530981.448847, 100
1619530981.465821, 99
1619530981.481721, 100
1619530981.499909, 100
1619530981.514338, 98
1619530981.531186, 100
1619530981.547358, 100
1619530981.564008, 99
1619530981.578874, 100
1619530981.593984, 100
1619530981.609707, 100
1619530981.624588, 100
1619530981.639645, 100
1619530981.654639, 99
1619530981.669368, 99
1619530981.683997, 99
1619530981.698621, 98
1619530981.714146, 100
1619530981.728118, 99
1619530981.744865, 100
1619530981.759513, 97
1619530981.778207, 97
1619530981.792443, 98
1619530981.810253, 98
1619530981.825776, 98
1619530981.840409, 100
1619530981.854242, 98
1619530981.868541, 100
1619530981.887055, 99
1619530981.902325, 99
1619530981.919705, 98
1619530981.934271, 98
1619530981.950629, 98
1619530981.966040, 98
1619530981.979737, 99
1619530981.995616, 96
1619530982.009300, 96
1619530982.024687, 98
1619530982.039962, 100
1619530982.054653, 97
1619530982.074020, 97
1619530982.089027, 99
1619530982.103980, 100
1619530982.118540, 98
1619530982.133928, 96
1619530982.148116, 95
1619530982.163926, 91
1619530982.181299, 92
1619530982.198612, 93
1619530982.213153, 91
1619530982.228123, 91
1619530982.243614, 92
1619530982.258478, 98
1619530982.274375, 98
1619530982.292892, 94
1619530982.306697, 94
1619530982.322997, 91
1619530982.337696, 93
1619530982.352615, 93
1619530982.368179, 92
1619530982.384263, 91
1619530982.398916, 92
1619530982.412967, 96
1619530982.428612, 98
1619530982.444112, 98
1619530982.458322, 96
1619530982.472193, 94
1619530982.486656, 94
1619530982.500470, 95
1619530982.517235, 93
1619530982.531808, 96
1619530982.546854, 93
1619530982.560806, 95
1619530982.575286, 98
1619530982.595519, 100
1619530982.609307, 99
1619530982.625387, 93
1619530982.640370, 91
1619530982.655636, 86
1619530982.670736, 82
1619530982.684565, 78
1619530982.698865, 74
1619530982.713050, 67
1619530982.729773, 67
1619530982.744145, 68
1619530982.763446, 68
1619530982.778150, 67
1619530982.793024, 65
1619530982.808660, 65
1619530982.822987, 64
1619530982.838408, 61
1619530982.855596, 61
1619530982.870919, 60
1619530982.884634, 59
1619530982.900662, 60
1619530982.916890, 54
1619530982.931755, 54
1619530982.947840, 51
1619530982.965632, 46
1619530982.980118, 47
1619530982.993790, 46
1619530983.008223, 40
1619530983.022991, 35
1619530983.037375, 38
1619530983.052384, 36
1619530983.066233, 35
1619530983.082635, 35
1619530983.098308, 34
1619530983.112809, 33
1619530983.126959, 33
1619530983.142700, 33
1619530983.157109, 34
1619530983.172415, 34
1619530983.187506, 33
1619530983.201742, 33
1619530983.219849, 34
1619530983.237125, 33
1619530983.252757, 33
1619530983.266521, 33
1619530983.281873, 35
1619530983.297206, 34
1619530983.312063, 35
1619530983.329022, 34
1619530983.346378, 34
1619530983.362764, 34
1619530983.376630, 35
1619530983.392167, 34
1619530983.409459, 35
1619530983.426050, 34
1619530983.440008, 36
1619530983.455041, 35
1619530983.470091, 36
1619530983.484038, 35
1619530983.501604, 35
1619530983.517107, 35
1619530983.531664, 36
1619530983.545720, 35
1619530983.561383, 35
1619530983.580021, 36
1619530983.594314, 35
1619530983.610953, 35
1619530983.627596, 37
1619530983.644892, 37
1619530983.659116, 36
1619530983.677561, 37
1619530983.694855, 36
1619530983.709494, 36
1619530983.724962, 36
1619530983.740574, 37
1619530983.755092, 37
1619530983.770484, 36
1619530983.787460, 36
1619530983.804388, 37
1619530983.818767, 37
1619530983.835234, 37
1619530983.851472, 37
1619530983.866471, 37
1619530983.881585, 37
1619530983.897249, 37
1619530983.913230, 37
1619530983.927836, 37
1619530983.943588, 38
1619530983.959568, 37
1619530983.973861, 38
1619530983.990596, 38
1619530984.006747, 36
1619530984.021476, 38
1619530984.036354, 39
1619530984.053196, 39
1619530984.069432, 38
1619530984.084105, 38
1619530984.100483, 38
1619530984.116643, 38
1619530984.130931, 38
1619530984.144994, 39
1619530984.160481, 39
1619530984.174648, 38
1619530984.190176, 38
1619530984.206097, 38
1619530984.220935, 38
1619530984.235069, 37
1619530984.250961, 39
1619530984.266673, 40
1619530984.282077, 39
1619530984.301273, 39
1619530984.315942, 40
1619530984.330755, 40
1619530984.345896, 39
1619530984.363197, 39
1619530984.378969, 39
1619530984.394291, 39
1619530984.408337, 40
1619530984.428319, 39
1619530984.443719, 39
1619530984.458434, 40
1619530984.473417, 40
1619530984.489006, 40
1619530984.504067, 40
1619530984.519535, 40
1619530984.537528, 41
1619530984.552087, 40
1619530984.571357, 41
1619530984.585431, 40
1619530984.601909, 41
1619530984.617536, 41
1619530984.636072, 41
1619530984.650394, 40
1619530984.673535, 41
1619530984.688920, 41
1619530984.703731, 42
1619530984.717970, 41
1619530984.733503, 43
1619530984.751494, 43
1619530984.766089, 42
1619530984.782178, 41
1619530984.797214, 42
1619530984.811602, 42
1619530984.827158, 42
1619530984.846869, 44
1619530984.862982, 44
1619530984.878511, 44
1619530984.894040, 43
1619530984.908707, 42
1619530984.924104, 42
1619530984.940388, 42
1619530984.956833, 41
1619530984.971687, 43
1619530984.987447, 42
1619530985.003091, 43
1619530985.016909, 42
1619530985.033637, 42
1619530985.049269, 42
1619530985.063742, 42
1619530985.078922, 42
1619530985.094723, 42
1619530985.109930, 43
1619530985.124868, 43
1619530985.141091, 43
1619530985.156350, 42
1619530985.170032, 43
1619530985.185392, 44
1619530985.201177, 44
1619530985.216487, 43
1619530985.231055, 44
1619530985.248369, 43
1619530985.263963, 44
1619530985.277927, 43
1619530985.295451, 43
1619530985.310995, 44
1619530985.325539, 44
1619530985.341747, 45
1619530985.359091, 44
1619530985.373907, 45
1619530985.388234, 43
1619530985.406221, 44
1619530985.420849, 44
1619530985.434860, 44
1619530985.450639, 45
1619530985.464709, 44
1619530985.480602, 44
1619530985.496140, 46
1619530985.510485, 45
1619530985.526710, 46
1619530985.542293, 46
1619530985.557350, 45
1619530985.572318, 45
1619530985.588654, 45
1619530985.604862, 45
1619530985.618723, 44
1619530985.635502, 44
1619530985.651736, 45
1619530985.667397, 45
1619530985.683680, 44
1619530985.703519, 45
1619530985.720688, 47
1619530985.735014, 47
1619530985.750495, 47
1619530985.768336, 46
1619530985.783083, 47
1619530985.800276, 47
1619530985.814969, 46
1619530985.830569, 47
1619530985.847274, 46
1619530985.861787, 46
1619530985.879341, 46
1619530985.893898, 46
1619530985.909025, 47
1619530985.925317, 46
1619530985.945510, 47
1619530985.968520, 47
1619530985.991572, 46
1619530986.008360, 47
1619530986.022253, 45
1619530986.041063, 47
1619530986.056070, 47
1619530986.072334, 47
1619530986.086799, 48
1619530986.104218, 47
1619530986.119713, 47
1619530986.134863, 47
1619530986.148977, 47
1619530986.164579, 48
1619530986.179019, 47
1619530986.193738, 47
1619530986.212254, 47
1619530986.226393, 47
1619530986.243622, 48
1619530986.258207, 48
1619530986.274052, 48
1619530986.289517, 48
1619530986.306211, 48
1619530986.323684, 48
1619530986.338543, 48
1619530986.355947, 46
1619530986.370313, 47
1619530986.391210, 47
1619530986.406849, 49
1619530986.422783, 48
1619530986.437505, 49
1619530986.452159, 48
1619530986.467527, 49
1619530986.482552, 48
1619530986.498640, 48
1619530986.513862, 49
1619530986.527491, 47
1619530986.542848, 46
1619530986.558557, 49
1619530986.573731, 49
1619530986.589200, 49
1619530986.605049, 49
1619530986.620749, 48
1619530986.636705, 49
1619530986.654298, 48
1619530986.672121, 48
1619530986.691440, 50
1619530986.705827, 49
1619530986.721246, 50
1619530986.735427, 49
1619530986.751769, 49
1619530986.824772, 50
1619530986.841075, 49
1619530986.858053, 49
1619530986.872940, 49
1619530986.887751, 49
1619530986.906789, 51
1619530986.921184, 50
1619530986.935258, 50
1619530986.949898, 51
1619530986.965461, 51
1619530986.980709, 50
1619530986.995885, 50
1619530987.012520, 51
1619530987.028002, 50
1619530987.044485, 51
1619530987.060180, 50
1619530987.076734, 50
1619530987.091778, 50
1619530987.111140, 50
1619530987.126128, 50
1619530987.140466, 51
1619530987.155507, 51
1619530987.170963, 52
1619530987.185501, 51
1619530987.199959, 50
1619530987.214662, 52
1619530987.229250, 51
1619530987.243356, 51
1619530987.260158, 51
1619530987.275983, 52
1619530987.290628, 52
1619530987.306762, 51
1619530987.323670, 51
1619530987.339836, 51
1619530987.356848, 52
1619530987.371357, 51
1619530987.393836, 51
1619530987.408533, 51
1619530987.424865, 52
1619530987.440871, 51
1619530987.455529, 52
1619530987.470731, 52
1619530987.487468, 52
1619530987.503162, 52
1619530987.520802, 52
1619530987.541724, 51
1619530987.557199, 52
1619530987.574401, 52
1619530987.593796, 53
1619530987.608659, 52
1619530987.624411, 52
1619530987.640542, 52
1619530987.655653, 53
1619530987.671412, 52
1619530987.686403, 52
1619530987.702781, 52
1619530987.719429, 53
1619530987.736491, 53
1619530987.753888, 53
1619530987.768898, 52
1619530987.783255, 54
1619530987.798631, 54
1619530987.813786, 54
1619530987.827446, 54
1619530987.847225, 54
1619530987.864765, 55
1619530987.879541, 55
1619530987.894162, 54
1619530987.911034, 54
1619530987.928082, 54
1619530987.944544, 54
1619530987.959808, 53
1619530987.977290, 54
1619530987.994257, 54
1619530988.008904, 54
1619530988.030023, 53
1619530988.044609, 53
1619530988.060080, 54
1619530988.076648, 54
1619530988.092614, 54
1619530988.107171, 55
1619530988.121619, 54
1619530988.137742, 53
1619530988.152246, 55
1619530988.166627, 55
1619530988.185527, 54
1619530988.203277, 54
1619530988.221034, 55
1619530988.235750, 54
1619530988.251624, 54
1619530988.267392, 55
1619530988.285087, 55
1619530988.304054, 54
1619530988.319646, 56
1619530988.334827, 56
1619530988.354435, 54
1619530988.370116, 55
1619530988.386295, 56
1619530988.404918, 55
1619530988.419591, 55
1619530988.434620, 55
1619530988.450032, 55
1619530988.464976, 56
1619530988.479089, 55
1619530988.497750, 55
1619530988.513758, 55
1619530988.528762, 56
1619530988.543692, 56
1619530988.560443, 55
1619530988.576497, 56
1619530988.591331, 57
1619530988.606361, 56
1619530988.625850, 55
1619530988.642241, 57
1619530988.659546, 57
1619530988.676261, 56
1619530988.691323, 55
1619530988.705137, 57
1619530988.720058, 55
1619530988.736681, 55
1619530988.752124, 57
1619530988.766784, 56
1619530988.783532, 55
1619530988.799109, 57
1619530988.813025, 55
1619530988.833971, 56
1619530988.849574, 55
1619530988.863929, 56
1619530988.880620, 57
1619530988.898328, 57
1619530988.912553, 57
1619530988.926710, 57
1619530988.943167, 58
1619530988.957639, 57
1619530988.972265, 58
1619530988.987422, 57
1619530989.004661, 57
1619530989.019435, 56
1619530989.035327, 57
1619530989.050586, 57
1619530989.064622, 57
1619530989.081241, 58
1619530989.098598, 57
1619530989.113621, 57
1619530989.127754, 58
1619530989.143048, 57
1619530989.159786, 58
1619530989.174151, 56
1619530989.192079, 59
1619530989.207712, 59
1619530989.224182, 59
1619530989.240057, 57
1619530989.255450, 58
1619530989.270018, 59
1619530989.284585, 57
1619530989.303821, 57
1619530989.319492, 58
1619530989.333827, 58
1619530989.348162, 58
1619530989.363532, 60
1619530989.381560, 60
1619530989.395304, 59
1619530989.416684, 58
1619530989.431015, 58
1619530989.445698, 58
1619530989.459703, 58
1619530989.475813, 59
1619530989.490974, 59
1619530989.504558, 59
1619530989.521221, 58
1619530989.535317, 59
1619530989.549667, 59
1619530989.564483, 58
1619530989.580000, 60
1619530989.593749, 60
1619530989.610471, 59
1619530989.625749, 60
1619530989.640790, 59
1619530989.657191, 59
1619530989.673227, 59
1619530989.688371, 60
1619530989.702880, 59
1619530989.720793, 59
1619530989.737115, 59
1619530989.752232, 60
1619530989.766585, 59
1619530989.785468, 59
1619530989.804342, 60
1619530989.822594, 60
1619530989.837160, 60
1619530989.852147, 60
1619530989.867649, 61
1619530989.881230, 60
1619530989.898228, 59
1619530989.913479, 60
1619530989.927993, 61
1619530989.942286, 59
1619530989.957854, 61
1619530989.976158, 60
1619530989.990210, 61
1619530990.007857, 60
1619530990.027286, 60
1619530990.042507, 60
1619530990.060126, 60
1619530990.080248, 61
1619530990.095656, 61
1619530990.110529, 60
1619530990.128445, 61
1619530990.143293, 61
1619530990.157243, 61
1619530990.171512, 59
1619530990.188142, 62
1619530990.204016, 62
1619530990.218665, 61
1619530990.234298, 61
1619530990.248883, 62
1619530990.263403, 61
1619530990.278662, 61
1619530990.297138, 60
1619530990.311552, 61
1619530990.327545, 61
1619530990.342426, 61
1619530990.356339, 61
1619530990.372056, 61
1619530990.388222, 61
1619530990.402666, 62
1619530990.418899, 61
1619530990.433218, 62
1619530990.449854, 59
1619530990.464846, 63
1619530990.484053, 63
1619530990.500029, 63
1619530990.516295, 64
1619530990.531585, 63
1619530990.548875, 63
1619530990.566897, 64
1619530990.583691, 64
1619530990.598894, 62
1619530990.618387, 62
1619530990.637790, 63
1619530990.652715, 62
1619530990.667389, 63
1619530990.685690, 63
1619530990.700355, 62
1619530990.714042, 61
1619530990.729708, 62
1619530990.744615, 62
1619530990.761938, 62
1619530990.780071, 63
1619530990.795835, 63
1619530990.810501, 63
1619530990.825956, 63
1619530990.844297, 64
1619530990.859357, 63
1619530990.874351, 63
1619530990.889626, 64
1619530990.903704, 64
1619530990.920095, 63
1619530990.939367, 64
1619530990.957686, 63
1619530990.973109, 64
1619530990.987446, 63
1619530991.002641, 63
1619530991.019302, 63
1619530991.033609, 63
1619530991.050236, 63
1619530991.068031, 63
1619530991.086046, 64
1619530991.100603, 64
1619530991.116350, 64
1619530991.131175, 65
1619530991.145043, 64
1619530991.161446, 65
1619530991.178036, 65
1619530991.193365, 65
1619530991.208047, 64
1619530991.223544, 65
1619530991.237430, 64
1619530991.252363, 64
1619530991.268062, 65
1619530991.282467, 65
1619530991.298610, 64
1619530991.316179, 64
1619530991.330532, 64
1619530991.347677, 63
1619530991.362990, 64
1619530991.378526, 65
1619530991.392388, 65
1619530991.408574, 65
1619530991.427450, 64
1619530991.443069, 64
1619530991.457210, 64
1619530991.476770, 65
1619530991.493255, 66
1619530991.508573, 66
1619530991.522365, 66
1619530991.542168, 65
1619530991.560376, 65
1619530991.575695, 66
1619530991.596116, 65
1619530991.610389, 65
1619530991.627716, 66
1619530991.643607, 65
1619530991.658310, 66
1619530991.673879, 66
1619530991.696263, 65
1619530991.710705, 65
1619530991.725098, 66
1619530991.739137, 65
1619530991.754414, 67
1619530991.768781, 66
1619530991.783070, 65
1619530991.799396, 66
1619530991.813579, 66
1619530991.829153, 67
1619530991.847082, 67
1619530991.861411, 66
1619530991.875602, 67
1619530991.891425, 66
1619530991.907643, 66
1619530991.922023, 66
1619530991.936293, 66
1619530991.952287, 67
1619530991.966861, 66
1619530991.981519, 66
1619530991.997334, 66
1619530992.015136, 66
1619530992.028984, 66
1619530992.046010, 66
1619530992.060847, 67
1619530992.074729, 68
1619530992.089031, 68
1619530992.111549, 67
1619530992.126922, 68
1619530992.140599, 68
1619530992.155691, 67
1619530992.170607, 69
1619530992.184474, 67
1619530992.200290, 67
1619530992.215591, 68
1619530992.230255, 68
1619530992.245089, 66
1619530992.261008, 68
1619530992.275770, 67
1619530992.290604, 67
1619530992.308670, 66
1619530992.324281, 67
1619530992.343037, 68
1619530992.357813, 69
1619530992.372279, 68
1619530992.388454, 68
1619530992.403082, 68
1619530992.418353, 69
1619530992.435184, 68
1619530992.451058, 69
1619530992.465258, 71
1619530992.482665, 68
1619530992.505312, 69
1619530992.520961, 68
1619530992.535046, 68
1619530992.550416, 69
1619530992.569013, 68
1619530992.583236, 68
1619530992.597052, 69
1619530992.612467, 69
1619530992.629525, 67
1619530992.643610, 70
1619530992.658907, 70
1619530992.675394, 69
1619530992.689620, 69
1619530992.704182, 69
1619530992.719541, 69
1619530992.735388, 71
1619530992.749932, 70
1619530992.768873, 69
1619530992.784081, 70
1619530992.797525, 70
1619530992.812132, 69
1619530992.827336, 69
1619530992.842093, 70
1619530992.858550, 69
1619530992.874088, 68
1619530992.888858, 70
1619530992.908956, 69
1619530992.924964, 71
1619530992.942715, 71
1619530992.956215, 70
1619530992.974721, 70
1619530992.994091, 70
1619530993.008456, 71
1619530993.023667, 69
1619530993.040750, 70
1619530993.056099, 71
1619530993.070410, 71
1619530993.087096, 70
1619530993.108153, 69
1619530993.123041, 71
1619530993.137999, 71
1619530993.155380, 71
1619530993.170357, 71
1619530993.184395, 71
1619530993.198970, 71
1619530993.213592, 71
1619530993.230578, 73
1619530993.247581, 72
1619530993.263358, 72
1619530993.277633, 72
1619530993.292195, 71
1619530993.307379, 70
1619530993.321704, 72
1619530993.336311, 71
1619530993.351127, 71
1619530993.365603, 72
1619530993.380342, 72
1619530993.395415, 71
1619530993.410201, 70
1619530993.424764, 71
1619530993.440014, 71
1619530993.454141, 71
1619530993.468163, 71
1619530993.483159, 71
1619530993.498992, 71
1619530993.514496, 72
1619530993.534222, 71
1619530993.549602, 72
1619530993.563282, 73
1619530993.577568, 71
1619530993.596414, 72
1619530993.610537, 73
1619530993.627653, 72
1619530993.642386, 73
1619530993.659597, 73
1619530993.673566, 73
1619530993.688765, 72
1619530993.708386, 72
1619530993.727565, 72
1619530993.741320, 71
1619530993.756714, 72
1619530993.770784, 72
1619530993.785780, 71
1619530993.802525, 72
1619530993.818689, 73
1619530993.833674, 72
1619530993.849498, 73
1619530993.867132, 71
1619530993.882124, 72
1619530993.896245, 73
1619530993.911519, 73
1619530993.929519, 72
1619530993.945172, 74
1619530993.959264, 73
1619530993.978095, 71
1619530993.993419, 72
1619530994.007594, 73
1619530994.025469, 72
1619530994.039137, 73
1619530994.055794, 73
1619530994.071011, 73
1619530994.087671, 72
1619530994.101973, 73
1619530994.118242, 74
1619530994.134438, 73
1619530994.148180, 74
1619530994.162516, 73
1619530994.178278, 73
1619530994.192939, 74
1619530994.207383, 75
1619530994.222262, 75
1619530994.237543, 74
1619530994.255595, 73
1619530994.269624, 73
1619530994.285063, 72
1619530994.301760, 72
1619530994.316695, 73
1619530994.332732, 73
1619530994.353340, 72
1619530994.369236, 73
1619530994.384057, 74
1619530994.400866, 74
1619530994.417055, 75
1619530994.432051, 74
1619530994.446814, 74
1619530994.464308, 74
1619530994.481218, 74
1619530994.496523, 74
1619530994.510851, 74
1619530994.528554, 74
1619530994.543985, 75
1619530994.558781, 75
1619530994.575391, 74
1619530994.590114, 74
1619530994.603972, 75
1619530994.618532, 74
1619530994.632618, 73
1619530994.650786, 74
1619530994.664852, 74
1619530994.681254, 74
1619530994.697467, 73
1619530994.711459, 75
1619530994.731414, 75
1619530994.745723, 75
1619530994.760055, 74
1619530994.775800, 75
1619530994.794711, 75
1619530994.809658, 76
1619530994.824170, 75
1619530994.839532, 75
1619530994.854579, 76
1619530994.868872, 76
1619530994.883929, 75
1619530994.898745, 74
1619530994.912934, 74
1619530994.929381, 74
1619530994.944259, 75
1619530994.958620, 75
1619530994.975320, 74
1619530994.991080, 75
1619530995.005802, 76
1619530995.021180, 75
1619530995.036243, 75
1619530995.050217, 76
1619530995.065498, 76
1619530995.083295, 75
1619530995.100369, 76
1619530995.115475, 76
1619530995.129845, 76
1619530995.144068, 77
1619530995.162081, 77
1619530995.177741, 74
1619530995.192534, 75
1619530995.206802, 76
1619530995.222314, 75
1619530995.236242, 76
1619530995.250763, 76
1619530995.266117, 76
1619530995.280188, 75
1619530995.294745, 76
1619530995.314978, 76
1619530995.329969, 77
1619530995.343500, 75
1619530995.360142, 76
1619530995.375599, 78
1619530995.389514, 77
1619530995.406383, 76
1619530995.420852, 78
1619530995.435360, 78
1619530995.450748, 77
1619530995.466807, 76
1619530995.482597, 78
1619530995.496783, 76
1619530995.513662, 75
1619530995.529635, 77
1619530995.546891, 77
1619530995.561754, 76
1619530995.577195, 77
1619530995.597289, 76
1619530995.611968, 77
1619530995.626994, 77
1619530995.641283, 78
1619530995.656075, 78
1619530995.670778, 77
1619530995.685170, 77
1619530995.700141, 77
1619530995.716119, 78
1619530995.731275, 77
1619530995.751275, 78
1619530995.765491, 79
1619530995.780842, 78
1619530995.796235, 77
1619530995.811505, 78
1619530995.828062, 77
1619530995.842302, 76
1619530995.858285, 76
1619530995.873126, 78
1619530995.889020, 77
1619530995.903183, 77
1619530995.918258, 78
1619530995.932653, 79
1619530995.946900, 78
1619530995.962259, 78
1619530995.976955, 79
1619530995.991968, 78
1619530996.006199, 78
1619530996.021059, 78
1619530996.035989, 78
1619530996.050435, 78
1619530996.064940, 79
1619530996.079299, 79
1619530996.095453, 78
1619530996.112675, 77
1619530996.126939, 78
1619530996.141434, 77
1619530996.160237, 78
1619530996.174464, 78
1619530996.190719, 79
1619530996.205739, 79
1619530996.220407, 79
1619530996.234979, 79
1619530996.249084, 79
1619530996.264247, 79
1619530996.278324, 79
1619530996.292526, 80
1619530996.308721, 79
1619530996.324218, 80
1619530996.337922, 78
1619530996.354178, 80
1619530996.369018, 80
1619530996.383325, 79
1619530996.397393, 79
1619530996.412221, 79
1619530996.427274, 78
1619530996.442009, 79
1619530996.457282, 79
1619530996.471342, 79
1619530996.487276, 77
1619530996.502930, 79
1619530996.520960, 78
1619530996.537326, 79
1619530996.551186, 79
1619530996.566163, 81
1619530996.579985, 80
1619530996.594457, 80
1619530996.612314, 79
1619530996.626927, 81
1619530996.641286, 81
1619530996.656295, 80
1619530996.671203, 79
1619530996.686636, 80
1619530996.700844, 80
1619530996.717586, 79
1619530996.732015, 80
1619530996.746592, 78
1619530996.761980, 79
1619530996.777310, 80
1619530996.791759, 79
1619530996.807041, 79
1619530996.822998, 79
1619530996.838374, 79
1619530996.855532, 81
1619530996.869620, 80
1619530996.884089, 80
1619530996.899999, 81
1619530996.919088, 80
1619530996.933637, 81
1619530996.947940, 80
1619530996.964052, 81
1619530996.981990, 80
1619530996.997520, 81
1619530997.013798, 82
1619530997.027761, 81
1619530997.044770, 79
1619530997.060175, 81
1619530997.074082, 81
1619530997.090064, 80
1619530997.105457, 79
1619530997.120102, 80
1619530997.134504, 81
1619530997.152784, 80
1619530997.167696, 82
1619530997.182501, 82
1619530997.197617, 81
1619530997.212087, 81
1619530997.229774, 81
1619530997.243343, 81
1619530997.260078, 81
1619530997.275083, 82
1619530997.290881, 81
1619530997.304941, 81
1619530997.319776, 82
1619530997.334047, 82
1619530997.348777, 80
1619530997.368066, 80
1619530997.382934, 81
1619530997.400953, 82
1619530997.416064, 81
1619530997.431847, 80
1619530997.446725, 82
1619530997.460958, 82
1619530997.477699, 82
1619530997.492269, 82
1619530997.507410, 84
1619530997.522400, 82
1619530997.537157, 82
1619530997.552299, 83
1619530997.566058, 82
1619530997.580336, 82
1619530997.599382, 83
1619530997.613463, 83
1619530997.628141, 82
1619530997.643661, 82
1619530997.658254, 82
1619530997.672595, 82
1619530997.687622, 81
1619530997.704570, 81
1619530997.718959, 81
1619530997.736103, 81
1619530997.751713, 81
1619530997.765974, 81
1619530997.781334, 82
1619530997.796818, 83
1619530997.812057, 83
1619530997.826390, 84
1619530997.843510, 84
1619530997.858257, 83
1619530997.872155, 83
1619530997.889106, 83
1619530997.903567, 83
1619530997.919834, 83
1619530997.934175, 84
1619530997.950125, 84
1619530997.966081, 83
1619530997.979919, 83
1619530997.994965, 82
1619530998.009739, 83
1619530998.024242, 82
1619530998.041985, 83
1619530998.058814, 83
1619530998.074102, 82
1619530998.088162, 83
1619530998.103775, 83
1619530998.118474, 84
1619530998.133067, 83
1619530998.148276, 83
1619530998.162602, 84
1619530998.177682, 83
1619530998.192943, 83
1619530998.207114, 84
1619530998.221311, 84
1619530998.235224, 84
1619530998.249915, 83
1619530998.265759, 84
1619530998.281078, 84
1619530998.298080, 84
1619530998.314060, 83
1619530998.328621, 83
1619530998.342404, 83
1619530998.356849, 82
1619530998.373976, 83
1619530998.388249, 84
1619530998.405639, 83
1619530998.421719, 83
1619530998.436428, 85
1619530998.452485, 84
1619530998.467538, 84
1619530998.483352, 85
1619530998.498036, 85
1619530998.512740, 84
1619530998.528270, 85
1619530998.542706, 84
1619530998.558776, 84
1619530998.572923, 84
1619530998.587440, 85
1619530998.602528, 84
1619530998.617985, 84
1619530998.632443, 83
1619530998.648976, 85
1619530998.664335, 85
1619530998.678521, 84
1619530998.692481, 85
1619530998.711316, 85
1619530998.725958, 84
1619530998.744069, 85
1619530998.758776, 86
1619530998.775287, 85
1619530998.790616, 85
1619530998.804842, 86
1619530998.819686, 86
1619530998.835608, 85
1619530998.850454, 86
1619530998.865146, 86
1619530998.880591, 85
1619530998.895266, 85
1619530998.910130, 86
1619530998.925386, 85
1619530998.941555, 86
1619530998.957721, 84
1619530998.972352, 84
1619530998.988334, 84
1619530999.002465, 84
1619530999.017190, 84
1619530999.034210, 84
1619530999.050645, 84
1619530999.064915, 84
1619530999.079317, 85
1619530999.094964, 86
1619530999.110387, 86
1619530999.124374, 87
1619530999.138575, 87
1619530999.152811, 87
1619530999.168034, 86
1619530999.182896, 86
1619530999.199483, 86
1619530999.213575, 87
1619530999.227953, 86
1619530999.242716, 87
1619530999.257243, 87
1619530999.272051, 86
1619530999.286268, 85
1619530999.301039, 86
1619530999.315574, 86
1619530999.329593, 85
1619530999.344373, 85
1619530999.358709, 85
1619530999.374801, 85
1619530999.392769, 86
1619530999.407020, 87
1619530999.421342, 87
1619530999.436413, 86
1619530999.452349, 86
1619530999.469478, 86
1619530999.484205, 86
1619530999.500942, 86
1619530999.516454, 86
1619530999.531258, 88
1619530999.545943, 88
1619530999.562862, 87
1619530999.577412, 88
1619530999.593314, 87
1619530999.610119, 86
1619530999.625690, 87
1619530999.641587, 86
1619530999.663033, 86
1619530999.679994, 87
1619530999.695675, 86
1619530999.710105, 86
1619530999.725364, 87
1619530999.740909, 88
1619530999.757112, 87
1619530999.772976, 87
1619530999.788158, 88
1619530999.805270, 88
1619530999.820883, 88
1619530999.835605, 87
1619530999.852766, 87
1619530999.867772, 88
1619530999.883783, 88
1619530999.899518, 88
1619530999.916348, 88
1619530999.934067, 87
1619530999.950564, 87
1619530999.968526, 86
1619530999.983321, 88
1619530999.997051, 87
1619531000.016456, 88
1619531000.031783, 87
1619531000.046697, 87
1619531000.067105, 89
1619531000.083845, 88
1619531000.098328, 88
1619531000.112192, 89
1619531000.129372, 88
1619531000.145375, 89
1619531000.159989, 88
1619531000.173968, 89
1619531000.193065, 88
1619531000.207518, 88
1619531000.221899, 89
1619531000.237718, 88
1619531000.252940, 89
1619531000.268431, 87
1619531000.283113, 87
1619531000.298587, 87
1619531000.312918, 88
1619531000.327156, 88
1619531000.341089, 87
1619531000.355370, 88
1619531000.369686, 88
1619531000.384633, 88
1619531000.401873, 88
1619531000.415919, 89
1619531000.430975, 89
1619531000.446206, 90
1619531000.462005, 90
1619531000.476592, 90
1619531000.490992, 89
1619531000.507835, 90
1619531000.524069, 90
1619531000.537856, 89
1619531000.554528, 89
1619531000.570486, 89
1619531000.585297, 90
1619531000.599943, 88
1619531000.615016, 88
1619531000.629880, 88
1619531000.644905, 88
1619531000.660779, 88
1619531000.676141, 89
1619531000.690534, 90
1619531000.706444, 89
1619531000.729796, 90
1619531000.746852, 90
1619531000.761546, 90
1619531000.776098, 89
1619531000.790274, 89
1619531000.806107, 90
1619531000.821699, 89
1619531000.837104, 89
1619531000.860358, 90
1619531000.875593, 90
1619531000.889935, 90
1619531000.904309, 90
1619531000.919782, 91
1619531000.935910, 89
1619531000.953844, 90
1619531000.970077, 89
1619531000.986033, 90
1619531001.003646, 90
1619531001.022436, 90
1619531001.037534, 89
1619531001.051500, 90
1619531001.067033, 92
1619531001.082158, 89
1619531001.099083, 89
1619531001.113920, 91
1619531001.130656, 91
1619531001.147977, 91
1619531001.163066, 91
1619531001.178530, 90
1619531001.194184, 90
1619531001.209464, 91
1619531001.228825, 89
1619531001.243245, 90
1619531001.259823, 91
1619531001.275256, 90
1619531001.293766, 90
1619531001.310605, 90
1619531001.328606, 89
1619531001.345985, 90
1619531001.361560, 90
1619531001.375354, 90
1619531001.392192, 92
1619531001.407291, 92
1619531001.421637, 91
1619531001.435343, 91
1619531001.451851, 92
1619531001.466502, 91
1619531001.481119, 91
1619531001.496992, 91
1619531001.511913, 92
1619531001.527411, 91
1619531001.543505, 91
1619531001.557692, 92
1619531001.572905, 91
1619531001.589457, 92
1619531001.607191, 90
1619531001.623951, 90
1619531001.642169, 91
1619531001.661454, 90
1619531001.679860, 89
1619531001.697219, 91
1619531001.711319, 91
1619531001.728247, 89
1619531001.745660, 92
1619531001.761022, 92
1619531001.776915, 92
1619531001.791846, 92
1619531001.807505, 92
1619531001.822406, 92
1619531001.837882, 92
1619531001.858125, 91
1619531001.875032, 92
1619531001.889309, 93
1619531001.905299, 93
1619531001.920585, 92
1619531001.935649, 92
1619531001.949639, 91
1619531001.963841, 91
1619531001.982398, 92
1619531001.998251, 91
1619531002.016115, 90
1619531002.032255, 91
1619531002.051146, 92
1619531002.067926, 91
1619531002.084117, 93
1619531002.100141, 92
1619531002.116886, 92
1619531002.131332, 93
1619531002.145174, 93
1619531002.160229, 93
1619531002.175811, 92
1619531002.191099, 93
1619531002.206712, 93
1619531002.223113, 92
1619531002.238613, 93
1619531002.253090, 92
1619531002.270040, 93
1619531002.287578, 93
1619531002.302472, 92
1619531002.317492, 93
1619531002.334338, 92
1619531002.350227, 92
1619531002.364435, 92
1619531002.379016, 93
1619531002.395102, 93
1619531002.410734, 92
1619531002.425299, 94
1619531002.439146, 94
1619531002.453366, 93
1619531002.468077, 94
1619531002.482914, 93
1619531002.500492, 93
1619531002.516308, 94
1619531002.534654, 94
1619531002.548323, 93
1619531002.564365, 93
1619531002.579592, 93
1619531002.594007, 94
1619531002.608068, 94
1619531002.622835, 94
1619531002.640806, 93
1619531002.655010, 92
1619531002.670496, 93
1619531002.685451, 93
1619531002.699736, 93
1619531002.720037, 92
1619531002.735123, 93
1619531002.752116, 94
1619531002.767096, 95
1619531002.783171, 94
1619531002.797479, 94
1619531002.811442, 95
1619531002.826384, 95
1619531002.840530, 94
1619531002.854108, 95
1619531002.873042, 94
1619531002.887159, 95
1619531002.903128, 94
1619531002.916850, 94
1619531002.933394, 95
1619531002.948018, 94
1619531002.962804, 94
1619531002.979686, 94
1619531002.995729, 94
1619531003.010981, 94
1619531003.025886, 94
1619531003.040497, 93
1619531003.056601, 94
1619531003.070501, 94
1619531003.085883, 94
1619531003.100081, 93
1619531003.115252, 96
1619531003.130472, 95
1619531003.147041, 95
1619531003.161877, 96
1619531003.175401, 95
1619531003.193393, 94
1619531003.210013, 94
1619531003.226290, 95
1619531003.240055, 96
1619531003.255767, 95
1619531003.271347, 95
1619531003.285745, 94
1619531003.301131, 95
1619531003.315963, 96
1619531003.331062, 95
1619531003.345467, 94
1619531003.360407, 95
1619531003.374413, 95
1619531003.388569, 95
1619531003.402596, 95
1619531003.420696, 94
1619531003.434289, 94
1619531003.448499, 94
1619531003.463667, 95
1619531003.477801, 96
1619531003.493708, 97
1619531003.507719, 96
1619531003.523323, 95
1619531003.538197, 96
1619531003.554156, 96
1619531003.569635, 96
1619531003.583714, 95
1619531003.599772, 97
1619531003.614486, 96
1619531003.628933, 95
1619531003.643378, 96
1619531003.657349, 97
1619531003.672493, 96
1619531003.686845, 95
1619531003.701902, 94
1619531003.716182, 96
1619531003.730124, 95
1619531003.748241, 95
1619531003.765458, 97
1619531003.781369, 96
1619531003.798094, 95
1619531003.815607, 96
1619531003.830160, 97
1619531003.845231, 96
1619531003.859223, 96
1619531003.873370, 97
1619531003.888068, 96
1619531003.902124, 96
1619531003.918438, 96
1619531003.934624, 96
1619531003.949262, 96
1619531003.964831, 97
1619531003.983778, 97
1619531003.999383, 96
1619531004.018128, 96
1619531004.031643, 96
1619531004.050329, 95
1619531004.064708, 96
1619531004.078625, 96
1619531004.093214, 97
1619531004.109625, 95
1619531004.124647, 95
1619531004.143490, 97
1619531004.157418, 97
1619531004.172512, 97
1619531004.190382, 98
1619531004.204472, 98
1619531004.218743, 97
1619531004.235229, 97
1619531004.249216, 98
1619531004.263312, 97
1619531004.280887, 97
1619531004.295718, 97
1619531004.311983, 98
1619531004.326605, 97
1619531004.341461, 97
1619531004.355560, 98
1619531004.372322, 97
1619531004.386767, 96
1619531004.401234, 96
1619531004.415604, 96
1619531004.434101, 96
1619531004.449168, 97
1619531004.464142, 97
1619531004.479799, 98
1619531004.495504, 97
1619531004.510437, 98
1619531004.527058, 98
1619531004.543179, 98
1619531004.557663, 98
1619531004.572165, 97
1619531004.588177, 98
1619531004.601927, 98
1619531004.617249, 97
1619531004.633880, 98
1619531004.648062, 98
1619531004.662908, 97
1619531004.682352, 98
1619531004.696730, 99
1619531004.710387, 98
1619531004.725203, 99
1619531004.740094, 98
1619531004.754518, 97
1619531004.769673, 96
1619531004.784961, 97
1619531004.798993, 98
1619531004.816366, 97
1619531004.831172, 97
1619531004.847003, 97
1619531004.860926, 98
1619531004.875481, 98
1619531004.890355, 100
1619531004.905536, 98
1619531004.922854, 98
1619531004.937313, 99
1619531004.952059, 98
1619531004.967999, 99
1619531004.982327, 99
1619531004.997353, 97
1619531005.011487, 97
1619531005.027698, 99
1619531005.042070, 98
1619531005.056072, 97
1619531005.071183, 99
1619531005.085198, 98
1619531005.099024, 97
1619531005.114498, 97
1619531005.128635, 98
1619531005.146292, 97
1619531005.162495, 96
1619531005.177820, 97
1619531005.192145, 97
1619531005.208130, 97
1619531005.222745, 99
1619531005.237670, 99
1619531005.254469, 99
1619531005.270811, 99
1619531005.284449, 99
1619531005.298754, 98
1619531005.315001, 98
1619531005.329282, 98
1619531005.343953, 98
1619531005.358838, 97
1619531005.376284, 98
1619531005.390664, 97
1619531005.404366, 97
1619531005.424110, 97
1619531005.440838, 97
1619531005.455997, 96
1619531005.469517, 90
1619531005.485295, 84
1619531005.501254, 77
1619531005.515771, 72
1619531005.530867, 64
1619531005.550432, 57
1619531005.566700, 50
1619531005.582466, 47
1619531005.596566, 45
1619531005.614434, 46
1619531005.630019, 48
1619531005.644148, 48
1619531005.659486, 48
1619531005.676279, 48
1619531005.690743, 46
1619531005.705163, 46
1619531005.719604, 46
1619531005.734477, 47
1619531005.749108, 47
1619531005.763290, 47
1619531005.781106, 46
1619531005.796556, 47
1619531005.812103, 48
1619531005.827714, 49
1619531005.843650, 48
1619531005.859956, 48
1619531005.875285, 49
1619531005.891475, 49
1619531005.906167, 48
1619531005.924232, 48
1619531005.938798, 47
1619531005.955322, 45
1619531005.972105, 48
1619531005.986882, 48
1619531006.002241, 48
1619531006.016619, 48
1619531006.030451, 47
1619531006.047038, 49
1619531006.063090, 50
1619531006.077783, 48
1619531006.092185, 49
1619531006.108210, 49
1619531006.122525, 50
1619531006.137318, 49
1619531006.151840, 50
1619531006.167371, 49
1619531006.182005, 48
1619531006.197067, 49
1619531006.212035, 49
1619531006.226551, 49
1619531006.244117, 48
1619531006.258194, 49
1619531006.272248, 49
1619531006.289293, 50
1619531006.306567, 49
1619531006.321015, 49
1619531006.335047, 51
1619531006.349097, 50
1619531006.363632, 49
1619531006.378779, 50
1619531006.393367, 51
1619531006.409675, 48
1619531006.428034, 49
1619531006.442364, 50
1619531006.459272, 49
1619531006.476173, 49
1619531006.490684, 49
1619531006.505270, 49
1619531006.519974, 50
1619531006.536131, 51
1619531006.550623, 52
1619531006.567092, 50
1619531006.583712, 51
1619531006.597917, 50
1619531006.612285, 50
1619531006.626809, 51
1619531006.644009, 51
1619531006.659445, 51
1619531006.674436, 50
1619531006.690017, 51
1619531006.704508, 50
1619531006.720972, 51
1619531006.736102, 50
1619531006.752403, 51
1619531006.766712, 52
1619531006.783183, 52
1619531006.797937, 51
1619531006.812127, 52
1619531006.827818, 52
1619531006.844391, 51
1619531006.859181, 52
1619531006.873047, 51
1619531006.894585, 51
1619531006.910974, 51
1619531006.925525, 52
1619531006.939471, 51
1619531006.957761, 51
1619531006.972182, 52
1619531006.986952, 51
1619531007.001802, 51
1619531007.022187, 53
1619531007.037280, 53
1619531007.052102, 53
1619531007.065878, 53
1619531007.084086, 53
1619531007.099042, 54
1619531007.112910, 53
1619531007.127509, 53
1619531007.141689, 52
1619531007.157871, 52
1619531007.171994, 52
1619531007.188233, 52
1619531007.202987, 53
1619531007.217303, 54
1619531007.233298, 53
1619531007.251673, 53
1619531007.265353, 54
1619531007.280169, 54
1619531007.296030, 55
1619531007.311944, 55
1619531007.326365, 54
1619531007.341313, 54
1619531007.357075, 53
1619531007.371539, 55
1619531007.388597, 53
1619531007.404338, 53
1619531007.419200, 54
1619531007.433143, 53
1619531007.448594, 53
1619531007.463065, 53
1619531007.477373, 53
1619531007.492144, 53
1619531007.507808, 55
1619531007.522473, 54
1619531007.538465, 54
1619531007.552963, 54
1619531007.567299, 54
1619531007.585424, 53
1619531007.599927, 54
1619531007.614275, 54
1619531007.631083, 54
1619531007.647523, 54
1619531007.665558, 54
1619531007.680062, 54
1619531007.696906, 52
1619531007.711901, 55
1619531007.725850, 54
1619531007.739607, 54
1619531007.756176, 56
1619531007.770345, 55
1619531007.785506, 55
1619531007.800290, 55
1619531007.815263, 56
1619531007.829611, 55
1619531007.847989, 55
1619531007.862479, 57
1619531007.877076, 56
1619531007.891729, 53
1619531007.907664, 55
1619531007.924241, 56
1619531007.939566, 55
1619531007.955001, 54
1619531007.970700, 55
1619531007.988666, 56
1619531008.002438, 56
1619531008.023297, 57
1619531008.038198, 58
1619531008.052047, 57
1619531008.067111, 58
1619531008.082722, 58
1619531008.097383, 57
1619531008.112141, 55
1619531008.127766, 57
1619531008.142327, 56
1619531008.156568, 55
1619531008.170914, 55
1619531008.185231, 56
1619531008.199365, 56
1619531008.214732, 56
1619531008.229594, 56
1619531008.244165, 57
1619531008.258994, 57
1619531008.274550, 56
1619531008.290386, 56
1619531008.304205, 57
1619531008.320914, 57
1619531008.336410, 57
1619531008.351299, 58
1619531008.366938, 57
1619531008.385568, 57
1619531008.401281, 57
1619531008.415704, 56
1619531008.431352, 56
1619531008.445197, 57
1619531008.460414, 57
1619531008.474748, 56
1619531008.491209, 56
1619531008.505209, 56
1619531008.519371, 58
1619531008.535585, 59
1619531008.549967, 58
1619531008.565250, 59
1619531008.579708, 58
1619531008.597603, 58
1619531008.612193, 58
1619531008.627024, 59
1619531008.641988, 59
1619531008.656235, 57
1619531008.672103, 58
1619531008.691256, 58
1619531008.705978, 57
1619531008.722017, 58
1619531008.736129, 58
1619531008.751101, 57
1619531008.766362, 57
1619531008.781203, 59
1619531008.795813, 59
1619531008.810263, 58
1619531008.826535, 59
1619531008.840997, 60
1619531008.855515, 60
1619531008.871686, 59
1619531008.886999, 58
1619531008.902077, 59
1619531008.918086, 59
1619531008.933729, 57
1619531008.949344, 59
1619531008.964302, 59
1619531008.978800, 58
1619531008.993332, 58
1619531009.007757, 59
1619531009.025493, 59
1619531009.040039, 58
1619531009.054484, 59
1619531009.070443, 60
1619531009.085427, 59
1619531009.099782, 58
1619531009.114555, 59
1619531009.130881, 60
1619531009.146130, 60
1619531009.160498, 61
1619531009.174978, 60
1619531009.190070, 60
1619531009.204437, 59
1619531009.219656, 60
1619531009.236144, 60
1619531009.251080, 59
1619531009.265452, 58
1619531009.283383, 59
1619531009.298040, 61
1619531009.312770, 60
1619531009.327513, 61
1619531009.344122, 61
1619531009.358907, 60
1619531009.372792, 60
1619531009.391247, 59
1619531009.409040, 62
1619531009.424508, 62
1619531009.439287, 60
1619531009.454363, 60
1619531009.470744, 60
1619531009.486251, 61
1619531009.501793, 61
1619531009.518284, 60
1619531009.533712, 60
1619531009.549351, 61
1619531009.565922, 61
1619531009.584299, 60
1619531009.598952, 62
1619531009.613329, 61
1619531009.631412, 61
1619531009.645633, 61
1619531009.660381, 61
1619531009.674484, 62
1619531009.690391, 60
1619531009.705022, 61
1619531009.719810, 60
1619531009.736686, 61
1619531009.751585, 59
1619531009.765271, 60
1619531009.780976, 62
1619531009.795627, 61
1619531009.809922, 61
1619531009.824650, 63
1619531009.845168, 63
1619531009.864189, 62
1619531009.878222, 63
1619531009.892044, 63
1619531009.908140, 62
1619531009.923084, 62
1619531009.937784, 63
1619531009.952338, 63
1619531009.969043, 61
1619531009.985395, 61
1619531009.999361, 62
1619531010.016353, 61
1619531010.032778, 60
1619531010.048085, 61
1619531010.062549, 61
1619531010.080228, 61
1619531010.094423, 64
1619531010.113507, 63
1619531010.128443, 63
1619531010.142217, 63
1619531010.156644, 64
1619531010.170894, 64
1619531010.184960, 64
1619531010.201637, 63
1619531010.215621, 63
1619531010.230624, 63
1619531010.245578, 62
1619531010.262802, 63
1619531010.276984, 63
1619531010.290803, 62
1619531010.308550, 62
1619531010.327997, 63
1619531010.343206, 63
1619531010.357911, 63
1619531010.374491, 63
1619531010.388641, 64
1619531010.402315, 63
1619531010.418644, 64
1619531010.435013, 65
1619531010.449434, 65
1619531010.463831, 62
1619531010.481697, 65
1619531010.496337, 65
1619531010.510916, 64
1619531010.526351, 62
1619531010.540060, 64
1619531010.555450, 63
1619531010.569997, 63
1619531010.588331, 64
1619531010.603114, 64
1619531010.617487, 64
1619531010.632716, 64
1619531010.647622, 65
1619531010.662681, 65
1619531010.677224, 64
1619531010.692091, 64
1619531010.706197, 65
1619531010.720598, 64
1619531010.735595, 64
1619531010.749930, 64
1619531010.765740, 66
1619531010.780668, 66
1619531010.794965, 64
1619531010.810731, 64
1619531010.826568, 64
1619531010.841501, 63
1619531010.856495, 65
1619531010.870860, 64
1619531010.885031, 65
1619531010.900153, 64
1619531010.918795, 66
1619531010.933284, 66
1619531010.947512, 65
1619531010.963270, 65
1619531010.977828, 65
1619531010.992022, 65
1619531011.007118, 66
1619531011.022826, 65
1619531011.036733, 65
1619531011.051416, 65
1619531011.065868, 65
1619531011.082685, 65
1619531011.097340, 66
1619531011.112040, 65
1619531011.126685, 65
1619531011.143495, 65
1619531011.157647, 65
1619531011.173037, 66
1619531011.192084, 64
1619531011.206333, 65
1619531011.221291, 67
1619531011.234991, 66
1619531011.250453, 67
1619531011.266509, 67
1619531011.281588, 67
1619531011.299019, 67
1619531011.314415, 68
1619531011.328501, 66
1619531011.343337, 66
1619531011.358631, 66
1619531011.373100, 66
1619531011.387493, 66
1619531011.403059, 66
1619531011.419793, 66
1619531011.435402, 66
1619531011.450016, 65
1619531011.465551, 67
1619531011.482554, 67
1619531011.504073, 67
1619531011.522112, 67
1619531011.541183, 67
1619531011.556948, 67
1619531011.571816, 68
1619531011.587788, 68
1619531011.601912, 67
1619531011.619002, 66
1619531011.638640, 67
1619531011.653726, 66
1619531011.671476, 67
1619531011.687768, 66
1619531011.705572, 66
1619531011.720034, 67
1619531011.734155, 67
1619531011.751346, 67
1619531011.768779, 67
1619531011.783440, 68
1619531011.797640, 68
1619531011.814471, 68
1619531011.830459, 68
1619531011.845716, 68
1619531011.861347, 69
1619531011.879658, 68
1619531011.894846, 69
1619531011.909862, 67
1619531011.928959, 68
1619531011.946533, 66
1619531011.966274, 67
1619531011.982971, 67
1619531012.002601, 68
1619531012.018654, 68
1619531012.038750, 69
1619531012.055263, 69
1619531012.073540, 68
1619531012.091054, 68
1619531012.105804, 70
1619531012.120062, 69
1619531012.136733, 69
1619531012.151398, 70
1619531012.165448, 69
1619531012.181216, 69
1619531012.197445, 68
1619531012.213321, 67
1619531012.229796, 68
1619531012.244226, 69
1619531012.259805, 69
1619531012.274681, 67
1619531012.291838, 68
1619531012.310025, 68
1619531012.328018, 70
1619531012.343003, 69
1619531012.360751, 70
1619531012.377582, 70
1619531012.395733, 70
1619531012.413016, 69
1619531012.431022, 70
1619531012.445097, 70
1619531012.459051, 70
1619531012.477242, 68
1619531012.495712, 68
1619531012.511124, 69
1619531012.526490, 69
1619531012.543428, 69
1619531012.558492, 70
1619531012.575064, 69
1619531012.590392, 68
1619531012.610243, 70
1619531012.624348, 71
1619531012.638636, 70
1619531012.654492, 69
1619531012.673173, 70
1619531012.690713, 70
1619531012.705204, 71
1619531012.719772, 70
1619531012.735316, 71
1619531012.750408, 72
1619531012.767612, 70
1619531012.790166, 69
1619531012.806844, 70
1619531012.824984, 71
1619531012.848946, 68
1619531012.864030, 70
1619531012.878526, 70
1619531012.892883, 72
1619531012.912842, 72
1619531012.929330, 71
1619531012.943612, 72
1619531012.957400, 72
1619531012.974044, 71
1619531012.989852, 72
1619531013.006664, 72
1619531013.021572, 71
1619531013.039459, 71
1619531013.055700, 71
1619531013.070874, 71
1619531013.086222, 70
1619531013.105762, 70
1619531013.120028, 71
1619531013.133998, 71
1619531013.152036, 70
1619531013.168161, 70
1619531013.183578, 71
1619531013.198368, 72
1619531013.218190, 72
1619531013.237770, 73
1619531013.254486, 72
1619531013.274824, 73
1619531013.291821, 73
1619531013.311133, 72
1619531013.328129, 73
1619531013.343681, 73
1619531013.358134, 70
1619531013.374852, 72
1619531013.393526, 72
1619531013.408184, 72
1619531013.422188, 72
1619531013.438464, 71
1619531013.455221, 72
1619531013.474244, 70
1619531013.489081, 72
1619531013.506239, 72
1619531013.523126, 73
1619531013.538209, 73
1619531013.552741, 73
1619531013.568716, 74
1619531013.586972, 72
1619531013.602342, 72
1619531013.621847, 74
1619531013.636348, 72
1619531013.657281, 72
1619531013.672217, 73
1619531013.689000, 72
1619531013.704252, 71
1619531013.718405, 73
1619531013.737225, 72
1619531013.753054, 72
1619531013.769986, 74
1619531013.786945, 73
1619531013.801625, 74
1619531013.816002, 73
1619531014.439277, 74
1619531014.456667, 74
1619531014.473246, 73
1619531014.488869, 73
1619531014.507137, 75
1619531014.523721, 74
1619531014.541126, 73
1619531014.559293, 74
1619531014.578318, 72
1619531014.595521, 73
1619531014.609708, 73
1619531014.628443, 73
1619531014.643718, 73
1619531014.657790, 74
1619531014.677693, 74
1619531014.693068, 75
1619531014.707759, 75
1619531014.722443, 75
1619531014.737405, 74
1619531014.753385, 74
1619531014.768384, 74
1619531014.783241, 74
1619531014.798308, 75
1619531014.812547, 74
1619531014.827788, 76
1619531014.843906, 75
1619531014.859368, 74
1619531014.874556, 73
1619531014.891245, 75
1619531014.905711, 74
1619531014.920810, 73
1619531014.939899, 75
1619531014.955771, 74
1619531014.970310, 75
1619531014.985936, 75
1619531015.001207, 75
1619531015.018279, 75
1619531015.041240, 75
1619531015.056124, 75
1619531015.071039, 75
1619531015.086485, 74
1619531015.101495, 75
1619531015.117973, 75
1619531015.134283, 75
1619531015.153837, 74
1619531015.168374, 75
1619531015.183043, 74
1619531015.200967, 75
1619531015.217115, 75
1619531015.232104, 75
1619531015.248824, 74
1619531015.265172, 77
1619531015.281402, 76
1619531015.297699, 76
1619531015.316079, 76
1619531015.331160, 76
1619531015.348275, 75
1619531015.364920, 77
1619531015.381824, 77
1619531015.397856, 76
1619531015.411620, 77
1619531015.426753, 77
1619531015.442495, 75
1619531015.460122, 74
1619531015.475434, 75
1619531015.494521, 75
1619531015.509772, 76
1619531015.527024, 76
1619531015.546939, 75
1619531015.583676, 78
1619531015.637696, 77
1619531015.667925, 75
1619531015.687700, 78
1619531015.705598, 76
1619531015.721757, 77
1619531015.737004, 78
1619531015.751820, 77
1619531015.766241, 77
1619531015.781000, 77
1619531015.798497, 77
1619531015.812906, 77
1619531015.826644, 77
1619531015.842538, 76
1619531015.858140, 77
1619531015.872194, 76
1619531015.886363, 76
1619531015.901006, 76
1619531015.917828, 77
1619531015.932929, 77
1619531015.950654, 78
1619531015.964888, 78
1619531015.978984, 77
1619531015.995332, 78
1619531016.009559, 79
1619531016.026064, 78
1619531016.045884, 77
1619531016.062297, 78
1619531016.076827, 78
1619531016.091615, 76
1619531016.109663, 76
1619531016.124711, 77
1619531016.138655, 78
1619531016.154277, 76
1619531016.170540, 77
1619531016.185723, 78
1619531016.200194, 77
1619531016.215613, 78
1619531016.230628, 79
1619531016.244690, 78
1619531016.259623, 79
1619531016.275870, 78
1619531016.290334, 79
1619531016.306605, 77
1619531016.321219, 78
1619531016.335557, 78
1619531016.350304, 78
1619531016.366776, 79
1619531016.381388, 79
1619531016.396009, 79
1619531016.412700, 78
1619531016.429084, 78
1619531016.443185, 79
1619531016.457940, 79
1619531016.474166, 78
1619531016.487833, 79
1619531016.505696, 79
1619531016.524468, 79
1619531016.540690, 79
1619531016.555194, 80
1619531016.569834, 79
1619531016.585514, 79
1619531016.599630, 80
1619531016.615946, 79
1619531016.632290, 79
1619531016.649708, 80
1619531016.664204, 80
1619531016.678919, 79
1619531016.696739, 79
1619531016.712892, 79
1619531016.730724, 78
1619531016.746636, 78
1619531016.761725, 79
1619531016.778818, 78
1619531016.795536, 79
1619531016.811448, 79
1619531016.826302, 80
1619531016.841836, 80
1619531016.856971, 79
1619531016.871359, 80
1619531016.887737, 81
1619531016.903032, 80
1619531016.917870, 79
1619531016.936319, 80
1619531016.950180, 81
1619531016.964816, 80
1619531016.979317, 81
1619531016.995377, 80
1619531017.010902, 80
1619531017.025112, 80
1619531017.043418, 80
1619531017.058458, 79
1619531017.073950, 79
1619531017.089066, 79
1619531017.104826, 79
1619531017.119368, 79
1619531017.136564, 79
1619531017.152086, 81
1619531017.168232, 80
1619531017.182305, 80
1619531017.196815, 82
1619531017.213910, 81
1619531017.230148, 81
1619531017.244712, 80
1619531017.261935, 81
1619531017.278316, 81
1619531017.291989, 81
1619531017.309336, 82
1619531017.324358, 82
1619531017.339237, 80
1619531017.355704, 80
1619531017.371611, 81
1619531017.385418, 81
1619531017.400596, 80
1619531017.417722, 80
1619531017.432526, 81
1619531017.447008, 81
1619531017.461988, 81
1619531017.476717, 82
1619531017.491146, 82
1619531017.511866, 82
1619531017.528075, 82
1619531017.542299, 81
1619531017.556466, 81
1619531017.572175, 81
1619531017.586622, 81
1619531017.601801, 81
1619531017.617803, 82
1619531017.632392, 83
1619531017.646968, 82
1619531017.661735, 81
1619531017.676281, 81
1619531017.691365, 81
1619531017.706917, 82
1619531017.721587, 82
1619531017.736678, 81
1619531017.755011, 82
1619531017.770658, 81
1619531017.784787, 82
1619531017.804432, 82
1619531017.821689, 82
1619531017.835886, 82
1619531017.849899, 82
1619531017.865876, 82
1619531017.884358, 81
1619531017.898718, 82
1619531017.913738, 82
1619531017.928011, 82
1619531017.941914, 82
1619531017.958239, 82
1619531017.973156, 81
1619531017.991954, 81
1619531018.005746, 81
1619531018.020036, 82
1619531018.036379, 82
1619531018.051738, 82
1619531018.072796, 82
1619531018.086714, 84
1619531018.101586, 83
1619531018.116852, 82
1619531018.130718, 84
1619531018.147768, 84
1619531018.164218, 83
1619531018.181926, 83
1619531018.196078, 83
1619531018.212002, 82
1619531018.227823, 83
1619531018.242674, 84
1619531018.256643, 84
1619531018.273567, 81
1619531018.289644, 83
1619531018.305718, 82
1619531018.320198, 82
1619531018.336853, 82
1619531018.352434, 83
1619531018.367557, 82
1619531018.383128, 82
1619531018.397818, 83
1619531018.411792, 83
1619531018.426354, 83
1619531018.443632, 84
1619531018.458320, 85
1619531018.473391, 84
1619531018.492747, 83
1619531018.507568, 84
1619531018.522710, 85
1619531018.539651, 83
1619531018.554891, 84
1619531018.570737, 84
1619531018.587074, 84
1619531018.602500, 83
1619531018.616044, 84
1619531018.631147, 83
1619531018.646490, 82
1619531018.661693, 84
1619531018.675342, 83
1619531018.690302, 82
1619531018.705584, 83
1619531018.721440, 84
1619531018.736008, 84
1619531018.750598, 84
1619531018.767164, 85
1619531018.781813, 84
1619531018.797617, 85
1619531018.813790, 84
1619531018.828166, 85
1619531018.844732, 84
1619531018.860538, 84
1619531018.876691, 85
1619531018.891606, 86
1619531018.908116, 85
1619531018.923698, 83
1619531018.938374, 85
1619531018.954248, 84
1619531018.970606, 84
1619531018.985595, 84
1619531019.000377, 85
1619531019.020004, 84
1619531019.037154, 84
1619531019.053366, 86
1619531019.069494, 86
1619531019.084343, 85
1619531019.099112, 86
1619531019.115321, 86
1619531019.130449, 86
1619531019.144574, 85
1619531019.160560, 86
1619531019.174901, 86
1619531019.190212, 84
1619531019.205763, 84
1619531019.220160, 86
1619531019.234386, 84
1619531019.255755, 84
1619531019.272301, 85
1619531019.286389, 85
1619531019.301618, 83
1619531019.318168, 86
1619531019.334289, 85
1619531019.349249, 85
1619531019.368104, 87
1619531019.383851, 87
1619531019.398354, 86
1619531019.412562, 86
1619531019.429053, 87
1619531019.443141, 87
1619531019.457054, 87
1619531019.474995, 86
1619531019.489110, 87
1619531019.504219, 88
1619531019.521117, 87
1619531019.536223, 87
1619531019.550785, 88
1619531019.565585, 87
1619531019.582755, 86
1619531019.601260, 87
1619531019.616135, 87
1619531019.634818, 86
1619531019.650993, 86
1619531019.665721, 86
1619531019.682482, 86
1619531019.698115, 87
1619531019.712726, 87
1619531019.730450, 87
1619531019.745098, 86
1619531019.759498, 89
1619531019.775066, 88
1619531019.792748, 87
1619531019.807694, 87
1619531019.823214, 88
1619531019.838883, 87
1619531019.854837, 87
1619531019.868987, 87
1619531019.884888, 88
1619531019.901013, 88
1619531019.916554, 87
1619531019.931830, 86
1619531019.947527, 86
1619531019.962539, 87
1619531019.976487, 86
1619531019.992569, 86
1619531020.009757, 85
1619531020.030270, 87
1619531020.049977, 87
1619531020.066780, 87
1619531020.083350, 88
1619531020.099795, 88
1619531020.116401, 88
1619531020.135554, 88
1619531020.153014, 87
1619531020.169379, 88
1619531020.183790, 87
1619531020.199196, 88
1619531020.215260, 89
1619531020.230819, 88
1619531020.246452, 87
1619531020.264255, 88
1619531020.279092, 87
1619531020.294274, 87
1619531020.310453, 88
1619531020.326439, 88
1619531020.342545, 88
1619531020.356508, 88
1619531020.377397, 89
1619531020.394857, 89
1619531020.413145, 88
1619531020.427975, 88
1619531020.446309, 88
1619531020.462495, 89
1619531020.477548, 89
1619531020.494240, 89
1619531020.512267, 88
1619531020.526849, 88
1619531020.543923, 89
1619531020.611792, 86
1619531020.632062, 87
1619531020.649134, 88
1619531020.666285, 88
1619531020.681287, 88
1619531020.695846, 89
1619531020.712022, 88
1619531020.727253, 87
1619531020.743234, 88
1619531020.758840, 89
1619531020.775990, 88
1619531020.791225, 89
1619531020.805859, 89
1619531020.822195, 90
1619531020.839336, 91
1619531020.854660, 91
1619531020.869148, 90
1619531020.886361, 91
1619531020.901900, 91
1619531020.916875, 91
1619531020.933411, 90
1619531020.949325, 90
1619531020.966718, 90
1619531020.981234, 89
1619531020.999105, 89
1619531021.014974, 89
1619531021.030332, 89
1619531021.045770, 89
1619531021.061005, 89
1619531021.075650, 88
1619531021.092570, 90
1619531021.108015, 90
1619531021.126546, 88
1619531021.141636, 91
1619531021.161432, 90
1619531021.178303, 91
1619531021.196547, 90
1619531021.215415, 89
1619531021.230769, 90
1619531021.246894, 91
1619531021.261478, 90
1619531021.277473, 90
1619531021.291926, 90
1619531021.306539, 90
1619531021.323815, 89
1619531021.340110, 90
1619531021.355246, 90
1619531021.371590, 89
1619531021.388979, 89
1619531021.404763, 90
1619531021.419925, 91
1619531021.436112, 91
1619531021.452974, 91
1619531021.468318, 90
1619531021.484459, 91
1619531021.503403, 91
1619531021.521646, 90
1619531021.535675, 91
1619531021.550211, 91
1619531021.566271, 90
1619531021.582426, 90
1619531021.599059, 91
1619531021.614634, 92
1619531021.630692, 92
1619531021.644747, 90
1619531021.660062, 90
1619531021.679122, 90
1619531021.694563, 91
1619531021.710198, 90
1619531021.725187, 90
1619531021.743500, 91
1619531021.758799, 92
1619531021.772746, 92
1619531021.788734, 92
1619531021.803597, 92
1619531021.818275, 91
1619531021.834002, 91
1619531021.848623, 92
1619531021.863588, 92
1619531021.880971, 91
1619531021.895170, 92
1619531021.910192, 92
1619531021.925291, 92
1619531021.941252, 91
1619531021.956576, 91
1619531021.971196, 91
1619531021.990183, 90
1619531022.007086, 91
1619531022.021764, 91
1619531022.037609, 90
1619531022.056158, 91
1619531022.073742, 93
1619531022.089626, 92
1619531022.104433, 94
1619531022.119296, 93
1619531022.139875, 93
1619531022.156673, 93
1619531022.172065, 94
1619531022.188740, 93
1619531022.203737, 93
1619531022.218726, 94
1619531022.233403, 94
1619531022.247274, 93
1619531022.267084, 94
1619531022.283073, 93
1619531022.297319, 94
1619531022.312150, 91
1619531022.332503, 92
1619531022.346807, 93
1619531022.363689, 92
1619531022.378325, 91
1619531022.396485, 91
1619531022.412276, 92
1619531022.426532, 91
1619531022.443624, 92
1619531022.459931, 92
1619531022.476061, 93
1619531022.492890, 92
1619531022.510824, 93
1619531022.525559, 94
1619531022.540081, 92
1619531022.555843, 93
1619531022.569991, 93
1619531022.584077, 94
1619531022.598465, 94
1619531022.613611, 94
1619531022.628214, 94
1619531022.642316, 92
1619531022.657409, 94
1619531022.672131, 93
1619531022.688037, 92
1619531022.708740, 93
1619531022.724545, 92
1619531022.741750, 93
1619531022.762556, 92
1619531022.781237, 92
1619531022.797522, 94
1619531022.815302, 94
1619531022.830179, 94
1619531022.845955, 94
1619531022.860922, 93
1619531022.877117, 93
1619531022.892907, 93
1619531022.907128, 95
1619531022.922314, 94
1619531022.942579, 93
1619531022.957506, 91
1619531022.971582, 94
1619531022.990091, 94
1619531023.004037, 93
1619531023.019572, 93
1619531023.037758, 92
1619531023.053544, 94
1619531023.069573, 94
1619531023.085291, 93
1619531023.102785, 94
1619531023.119753, 93
1619531023.136570, 93
1619531023.154809, 94
1619531023.169550, 95
1619531023.186764, 94
1619531023.203233, 94
1619531023.217371, 95
1619531023.233258, 94
1619531023.249466, 95
1619531023.264693, 94
1619531023.282326, 93
1619531023.297672, 95
1619531023.313301, 94
1619531023.327128, 95
1619531023.342369, 94
1619531023.357519, 95
1619531023.371394, 93
1619531023.388297, 95
1619531023.402849, 96
1619531023.416900, 94
1619531023.431058, 94
1619531023.447274, 95
1619531023.461364, 95
1619531023.475478, 95
1619531023.496829, 96
1619531023.513913, 97
1619531023.529554, 96
1619531023.543987, 96
1619531023.560800, 96
1619531023.577816, 97
1619531023.597216, 97
1619531023.614777, 96
1619531023.636350, 93
1619531023.652924, 93
1619531023.669259, 95
1619531023.691593, 95
1619531023.707300, 95
1619531023.721262, 94
1619531023.737602, 94
1619531023.752734, 95
1619531023.767810, 95
1619531023.783769, 95
1619531023.800006, 95
1619531023.814192, 95
1619531023.829260, 97
1619531023.850422, 96
1619531023.868058, 95
1619531023.886762, 95
1619531023.904537, 96
1619531023.919447, 96
1619531023.937343, 96
1619531023.953196, 97
1619531023.974728, 95
1619531023.989626, 94
1619531024.005968, 96
1619531024.019621, 96
1619531024.034958, 96
1619531024.064849, 96
1619531024.080973, 94
1619531024.096516, 95
1619531024.111159, 96
1619531024.127244, 95
1619531024.142383, 95
1619531024.156452, 96
1619531024.172132, 96
1619531024.187223, 94
1619531024.202121, 96
1619531024.217046, 97
1619531024.231031, 97
1619531024.247258, 97
1619531024.262841, 97
1619531024.281029, 98
1619531024.297953, 97
1619531024.314460, 97
1619531024.330630, 98
1619531024.348229, 97
1619531024.363236, 97
1619531024.380469, 96
1619531024.395006, 98
1619531024.408669, 97
1619531024.429157, 95
1619531024.443993, 97
1619531024.458431, 96
1619531024.474488, 96
1619531024.490284, 98
1619531024.505846, 97
1619531024.522733, 98
1619531024.539152, 98
1619531024.553602, 99
1619531024.568557, 98
1619531024.586038, 98
1619531024.602283, 98
1619531024.618426, 98
1619531024.632585, 98
1619531024.652528, 98
1619531024.667900, 99
1619531024.681599, 97
1619531024.698551, 98
1619531024.716714, 98
1619531024.731657, 98
1619531024.749418, 97
1619531024.769679, 99
1619531024.783950, 97
1619531024.798187, 96
1619531024.814557, 96
1619531024.832937, 97
1619531024.846881, 97
1619531024.862699, 95
1619531024.878336, 97
1619531024.893650, 97
1619531024.911151, 97
1619531024.927078, 97
1619531024.942093, 98
1619531024.956197, 98
1619531024.972360, 99
1619531024.987178, 99
1619531025.002152, 98
1619531025.017157, 98
1619531025.033064, 98
1619531025.048876, 98
1619531025.064837, 99
1619531025.081631, 99
1619531025.096097, 99
1619531025.111068, 98
1619531025.128588, 99
1619531025.143624, 98
1619531025.162784, 97
1619531025.177649, 97
1619531025.195799, 98
1619531025.210104, 98
1619531025.224358, 98
1619531025.240152, 97
1619531025.256704, 99
1619531025.271217, 99
1619531025.285813, 99
1619531025.305502, 98
1619531025.321182, 100
1619531025.336422, 98
1619531025.353565, 98
1619531025.368906, 99
1619531025.383234, 98
1619531025.398835, 98
1619531025.420116, 100
1619531025.435805, 99
1619531025.451371, 98
1619531025.467052, 99
1619531025.484497, 100
1619531025.507005, 97
1619531025.525361, 99
1619531025.539678, 98
1619531025.557248, 98
1619531025.574553, 99
1619531025.593172, 99
1619531025.614594, 97
1619531025.629689, 98
1619531025.644533, 99
1619531025.659401, 99
1619531025.675212, 100
1619531025.689164, 99
1619531025.703022, 99
1619531025.720007, 99
1619531025.735831, 98
1619531025.751025, 100
1619531025.767047, 99
1619531025.782897, 98
1619531025.799090, 98
1619531025.817034, 99
1619531025.837953, 98
1619531025.852804, 97
1619531025.866757, 98
1619531025.883125, 98
1619531025.900209, 98
1619531025.914993, 98
1619531025.930458, 98
1619531025.946617, 97
1619531025.963166, 99
1619531025.980617, 99
1619531025.995929, 100
1619531026.010883, 99
1619531026.025251, 100
1619531026.040843, 99
1619531026.056629, 99
1619531026.070676, 99
1619531026.085942, 99
1619531026.100481, 98
1619531026.114569, 99
1619531026.128498, 99
1619531026.142753, 98
1619531026.157822, 98
1619531026.176652, 98
1619531026.192129, 98
1619531026.206963, 95
1619531026.222789, 89
1619531026.239248, 83
1619531026.253625, 77
1619531026.268014, 70
1619531026.285719, 62
1619531026.302249, 57
1619531026.317723, 52
1619531026.332494, 48
1619531026.351257, 47
1619531026.367928, 48
1619531026.389336, 47
1619531026.406008, 48
1619531026.419816, 48
1619531026.439638, 46
1619531026.457735, 46
1619531026.475554, 47
1619531026.490914, 48
1619531026.508488, 48
1619531026.526302, 47
1619531026.542679, 46
1619531026.557189, 47
1619531026.572719, 48
1619531026.587549, 47
1619531026.601523, 48
1619531026.616497, 48
1619531026.632071, 49
1619531026.650322, 49
1619531026.664907, 48
1619531026.683652, 47
1619531026.698014, 48
1619531026.715621, 47
1619531026.730929, 49
1619531026.745966, 48
1619531026.761540, 49
1619531026.779971, 49
1619531026.795471, 50
1619531026.811465, 50
1619531026.827109, 50
1619531026.843465, 49
1619531026.858240, 50
1619531026.873134, 50
1619531026.889257, 50
1619531026.904577, 50
1619531026.919216, 49
1619531026.935840, 48
1619531026.951621, 49
1619531026.965995, 49
1619531026.981724, 48
1619531026.996755, 49
1619531027.014541, 49
1619531027.028446, 49
1619531027.047837, 50
1619531027.064134, 50
1619531027.080240, 50
1619531027.094874, 51
1619531027.112970, 50
1619531027.128742, 51
1619531027.142906, 50
1619531027.159936, 50
1619531027.175806, 51
1619531027.192672, 49
1619531027.208063, 49
1619531027.224900, 49
1619531027.239152, 50
1619531027.253692, 49
1619531027.271100, 50
1619531027.289349, 52
1619531027.306283, 51
1619531027.320806, 51
1619531027.334931, 51
1619531027.351055, 51
1619531027.365613, 53
1619531027.381065, 53
1619531027.396937, 53
1619531027.412111, 51
1619531027.428493, 51
1619531027.446292, 51
1619531027.462834, 51
1619531027.476941, 51
1619531027.491270, 50
1619531027.507333, 52
1619531027.522557, 52
1619531027.537710, 51
1619531027.551859, 53
1619531027.569463, 52
1619531027.584681, 51
1619531027.598994, 52
1619531027.616982, 52
1619531027.632225, 52
1619531027.646675, 51
1619531027.660863, 52
1619531027.677676, 51
1619531027.694110, 52
1619531027.708746, 52
1619531027.723705, 51
1619531027.739497, 51
1619531027.754534, 51
1619531027.768737, 52
1619531027.783850, 53
1619531027.799283, 53
1619531027.813378, 52
1619531027.833229, 54
1619531027.849425, 53
1619531027.864879, 52
1619531027.880415, 54
1619531027.896265, 52
1619531027.914192, 52
1619531027.928185, 52
1619531027.942435, 52
1619531027.956820, 52
1619531027.970936, 52
1619531027.988250, 52
1619531028.004888, 52
1619531028.019958, 53
1619531028.034945, 53
1619531028.051619, 54
1619531028.066446, 54
1619531028.079853, 53
1619531028.097055, 54
1619531028.112295, 54
1619531028.126972, 54
1619531028.144687, 53
1619531028.160541, 54
1619531028.175371, 53
1619531028.189948, 54
1619531028.206223, 53
1619531028.220112, 53
1619531028.235553, 54
1619531028.251791, 54
1619531028.270386, 54
1619531028.284413, 54
1619531028.301998, 55
1619531028.316290, 55
1619531028.330599, 54
1619531028.345776, 55
1619531028.360847, 55
1619531028.375262, 56
1619531028.390237, 55
1619531028.408241, 53
1619531028.423850, 54
1619531028.438191, 55
1619531028.453348, 54
1619531028.469216, 54
1619531028.483456, 54
1619531028.499166, 53
1619531028.514949, 55
1619531028.529536, 56
1619531028.544283, 56
1619531028.559969, 55
1619531028.575168, 56
1619531028.589605, 56
1619531028.606459, 54
1619531028.621379, 55
1619531028.635670, 57
1619531028.650260, 56
1619531028.670194, 55
1619531028.684463, 55
1619531028.699129, 56
1619531028.713726, 54
1619531028.728067, 55
1619531028.743274, 56
1619531028.757823, 56
1619531028.771663, 56
1619531028.786969, 56
1619531028.802595, 56
1619531028.817157, 57
1619531028.831336, 56
1619531028.847238, 57
1619531028.862874, 57
1619531028.877472, 56
1619531028.898323, 54
1619531028.914119, 56
1619531028.928074, 57
1619531028.943876, 56
1619531028.958580, 55
1619531028.974153, 56
1619531028.987964, 56
1619531029.003814, 56
1619531029.018511, 55
1619531029.032190, 57
1619531029.048860, 58
1619531029.064483, 57
1619531029.079081, 58
1619531029.094235, 58
1619531029.109108, 57
1619531029.123098, 58
1619531029.138547, 58
1619531029.155011, 57
1619531029.169125, 56
1619531029.183928, 57
1619531029.198239, 57
1619531029.212696, 55
1619531029.228430, 56
1619531029.243990, 58
1619531029.261504, 58
1619531029.275277, 59
1619531029.292167, 58
1619531029.307798, 60
1619531029.321901, 59
1619531029.336724, 60
1619531029.351852, 60
1619531029.367188, 60
1619531029.381457, 60
1619531029.397099, 60
1619531029.410738, 59
1619531029.428683, 59
1619531029.444646, 58
1619531029.458562, 59
1619531029.474962, 58
1619531029.493458, 57
1619531029.516557, 56
1619531029.537519, 58
1619531029.553517, 59
1619531029.569279, 58
1619531029.584256, 60
1619531029.599787, 60
1619531029.615315, 59
1619531029.630540, 59
1619531029.645963, 58
1619531029.668310, 57
1619531029.682867, 57
1619531029.697366, 59
1619531029.717075, 58
1619531029.733632, 59
1619531029.748631, 58
1619531029.762445, 59
1619531029.778935, 58
1619531029.794873, 60
1619531029.809170, 60
1619531029.824499, 59
1619531029.844085, 60
1619531029.859315, 60
1619531029.873395, 60
1619531029.892512, 60
1619531029.909514, 61
1619531029.923550, 60
1619531029.939801, 59
1619531029.955588, 59
1619531029.970996, 60
1619531029.985687, 60
1619531030.001684, 59
1619531030.021376, 59
1619531030.035723, 60
1619531030.051414, 59
1619531030.066151, 61
1619531030.080932, 60
1619531030.095736, 59
1619531030.111863, 59
1619531030.127061, 61
1619531030.142135, 62
1619531030.158617, 61
1619531030.173640, 61
1619531030.187488, 62
1619531030.203997, 61
1619531030.218135, 60
1619531030.231856, 61
1619531030.247834, 61
1619531030.262663, 60
1619531030.277429, 61
1619531030.293797, 59
1619531030.308297, 60
1619531030.324482, 61
1619531030.338603, 62
1619531030.354276, 61
1619531030.368372, 62
1619531030.382627, 60
1619531030.398208, 62
1619531030.413349, 61
1619531030.427982, 61
1619531030.442537, 62
1619531030.458992, 61
1619531030.473540, 60
1619531030.489903, 61
1619531030.505225, 61
1619531030.520327, 61
1619531030.535971, 61
1619531030.552248, 62
1619531030.569031, 62
1619531030.583718, 63
1619531030.601124, 63
1619531030.618364, 63
1619531030.633844, 63
1619531030.648195, 62
1619531030.665497, 63
1619531030.681091, 63
1619531030.694861, 62
1619531030.711351, 62
1619531030.726562, 62
1619531030.741169, 62
1619531030.755564, 61
1619531030.770546, 62
1619531030.784983, 62
1619531030.799830, 62
1619531030.814613, 62
1619531030.830822, 63
1619531030.844912, 63
1619531030.860826, 63
1619531030.876880, 63
1619531030.894039, 64
1619531030.910469, 64
1619531030.926398, 63
1619531030.941314, 63
1619531030.960108, 64
1619531030.981862, 62
1619531031.003390, 62
1619531031.023214, 62
1619531031.040487, 63
1619531031.058365, 62
1619531031.073547, 62
1619531031.089284, 62
1619531031.111033, 62
1619531031.128003, 64
1619531031.143836, 64
1619531031.159773, 65
1619531031.176649, 65
1619531031.190281, 65
1619531031.206248, 64
1619531031.221704, 65
1619531031.236063, 64
1619531031.253402, 64
1619531031.268084, 64
1619531031.282768, 63
1619531031.300850, 64
1619531031.315872, 63
1619531031.331411, 64
1619531031.347010, 64
1619531031.365691, 64
1619531031.379725, 64
1619531031.395721, 64
1619531031.412147, 64
1619531031.428298, 64
1619531031.443538, 65
1619531031.461233, 65
1619531031.478010, 65
1619531031.495077, 65
1619531031.510895, 65
1619531031.525969, 65
1619531031.545653, 64
1619531031.561639, 64
1619531031.575418, 64
1619531031.591696, 63
1619531031.606882, 65
1619531031.620889, 65
1619531031.636659, 64
1619531031.651814, 64
1619531031.666250, 66
1619531031.680894, 65
1619531031.698633, 66
1619531031.714231, 66
1619531031.727919, 66
1619531031.745001, 66
1619531031.759558, 66
1619531031.773442, 66
1619531031.790648, 66
1619531031.808720, 65
1619531031.825564, 66
1619531031.839759, 66
1619531031.857129, 65
1619531031.872663, 65
1619531031.888045, 64
1619531031.902686, 64
1619531031.918224, 66
1619531031.933434, 65
1619531031.947855, 65
1619531031.964461, 66
1619531031.979782, 67
1619531031.995704, 67
1619531032.010605, 67
1619531032.026176, 65
1619531032.040698, 67
1619531032.056785, 66
1619531032.072332, 67
1619531032.086244, 66
1619531032.103630, 65
1619531032.120531, 65
1619531032.135076, 66
1619531032.149965, 66
1619531032.168729, 67
1619531032.183213, 67
1619531032.197582, 67
1619531032.215366, 68
1619531032.230604, 68
1619531032.244560, 67
1619531032.258671, 68
1619531032.274544, 68
1619531032.289227, 67
1619531032.303515, 67
1619531032.319345, 66
1619531032.334308, 67
1619531032.350277, 68
1619531032.366650, 67
1619531032.384003, 66
1619531032.397950, 67
1619531032.416185, 66
1619531032.431419, 66
1619531032.445997, 66
1619531032.460133, 66
1619531032.475356, 67
1619531032.491056, 67
1619531032.506378, 67
1619531032.521373, 67
1619531032.535501, 68
1619531032.552141, 68
1619531032.566326, 68
1619531032.580970, 68
1619531032.595282, 68
1619531032.612905, 68
1619531032.628587, 68
1619531032.642631, 69
1619531032.657776, 67
1619531032.671987, 67
1619531032.686303, 65
1619531032.702242, 67
1619531032.721451, 67
1619531032.735443, 68
1619531032.751758, 67
1619531032.767485, 68
1619531032.783448, 67
1619531032.799637, 69
1619531032.815337, 68
1619531032.830146, 68
1619531032.844535, 69
1619531032.859773, 68
1619531032.874745, 70
1619531032.888466, 70
1619531032.903898, 68
1619531032.919482, 69
1619531032.933939, 70
1619531032.948103, 68
1619531032.967711, 69
1619531032.983204, 69
1619531032.996962, 68
1619531033.013411, 68
1619531033.027821, 69
1619531033.041534, 68
1619531033.058900, 68
1619531033.075357, 70
1619531033.090221, 70
1619531033.105631, 70
1619531033.123476, 70
1619531033.138693, 70
1619531033.152513, 70
1619531033.168497, 70
1619531033.183603, 70
1619531033.198201, 70
1619531033.214447, 69
1619531033.228833, 70
1619531033.243511, 70
1619531033.258604, 69
1619531033.274347, 70
1619531033.290692, 68
1619531033.306534, 69
1619531033.321207, 69
1619531033.335584, 69
1619531033.349658, 70
1619531033.367693, 71
1619531033.381899, 71
1619531033.396907, 70
1619531033.414042, 70
1619531033.431778, 70
1619531033.447312, 71
1619531033.466376, 71
1619531033.482903, 70
1619531033.496978, 71
1619531033.518450, 71
1619531033.533608, 70
1619531033.550904, 70
1619531033.568144, 70
1619531033.583861, 70
1619531033.599297, 70
1619531033.615299, 70
1619531033.630702, 71
1619531033.650536, 71
1619531033.664588, 71
1619531033.679741, 72
1619531033.694226, 71
1619531033.709938, 71
1619531033.726761, 70
1619531033.744368, 71
1619531033.758829, 72
1619531033.775821, 72
1619531033.791573, 72
1619531033.808069, 72
1619531033.822656, 72
1619531033.841291, 70
1619531033.857425, 70
1619531033.871335, 72
1619531033.888822, 71
1619531033.904319, 70
1619531033.919511, 71
1619531033.934314, 71
1619531033.951524, 72
1619531033.966936, 72
1619531033.982350, 73
1619531033.996661, 72
1619531034.010868, 72
1619531034.024974, 72
1619531034.043236, 72
1619531034.058605, 72
1619531034.073305, 72
1619531034.087384, 72
1619531034.101884, 72
1619531034.116953, 72
1619531034.131527, 71
1619531034.147949, 73
1619531034.162916, 72
1619531034.176894, 71
1619531034.192712, 71
1619531034.206770, 72
1619531034.221096, 71
1619531034.236078, 73
1619531034.250467, 74
1619531034.264647, 73
1619531034.279750, 73
1619531034.294479, 73
1619531034.308778, 74
1619531034.323462, 73
1619531034.340233, 73
1619531034.356166, 73
1619531034.370132, 73
1619531034.386947, 73
1619531034.402460, 74
1619531034.416576, 72
1619531034.437802, 73
1619531034.453497, 72
1619531034.467830, 73
1619531034.482279, 72
1619531034.498620, 73
1619531034.513273, 73
1619531034.527491, 75
1619531034.543994, 73
1619531034.559854, 73
1619531034.576175, 73
1619531034.590629, 74
1619531034.606556, 74
1619531034.622218, 73
1619531034.636220, 75
1619531034.652640, 74
1619531034.669179, 73
1619531034.683520, 74
1619531034.697810, 74
1619531034.717960, 74
1619531034.734492, 74
1619531034.748586, 73
1619531034.764747, 73
1619531034.781019, 73
1619531034.795782, 74
1619531034.810413, 73
1619531034.826747, 73
1619531034.841772, 75
1619531034.855273, 75
1619531034.871631, 74
1619531034.885974, 75
1619531034.900849, 75
1619531034.914667, 75
1619531034.929083, 75
1619531034.944171, 74
1619531034.958515, 76
1619531034.974097, 75
1619531034.988372, 74
1619531035.003536, 73
1619531035.020126, 75
1619531035.034026, 74
1619531035.049188, 73
1619531035.065390, 73
1619531035.080505, 74
1619531035.096184, 73
1619531035.113392, 75
1619531035.127878, 74
1619531035.141785, 75
1619531035.157313, 76
1619531035.174887, 76
1619531035.188731, 75
1619531035.202647, 75
1619531035.217522, 76
1619531035.231796, 76
1619531035.245621, 75
1619531035.261209, 74
1619531035.279315, 75
1619531035.293661, 76
1619531035.310965, 75
1619531035.327713, 74
1619531035.342590, 76
1619531035.356512, 75
1619531035.373840, 74
1619531035.389008, 74
1619531035.405081, 76
1619531035.419569, 75
1619531035.435735, 75
1619531035.450058, 76
1619531035.465193, 76
1619531035.480317, 76
1619531035.495367, 77
1619531035.509920, 76
1619531035.525017, 75
1619531035.540292, 77
1619531035.556531, 77
1619531035.571316, 77
1619531035.587564, 76
1619531035.602990, 76
1619531035.617617, 75
1619531035.632731, 75
1619531035.651231, 75
1619531035.667555, 75
1619531035.683994, 76
1619531035.700656, 76
1619531035.717953, 76
1619531035.731772, 77
1619531035.748022, 77
1619531035.762763, 77
1619531035.778219, 77
1619531035.794021, 77
1619531035.810603, 77
1619531035.825641, 76
1619531035.842195, 78
1619531035.857923, 78
1619531035.874382, 77
1619531035.888315, 76
1619531035.903442, 78
1619531035.918362, 77
1619531035.932870, 76
1619531035.950577, 77
1619531035.965670, 76
1619531035.979376, 76
1619531035.993684, 76
1619531036.008081, 77
1619531036.021978, 77
1619531036.038888, 76
1619531036.053558, 77
1619531036.069752, 78
1619531036.084871, 78
1619531036.102554, 78
1619531036.117308, 79
1619531036.136858, 78
1619531036.152299, 77
1619531036.170630, 79
1619531036.188840, 79
1619531036.203226, 77
1619531036.217038, 77
1619531036.232766, 78
1619531036.247877, 77
1619531036.263272, 77
1619531036.283139, 78
1619531036.297515, 78
1619531036.311862, 77
1619531036.328172, 78
1619531036.342472, 78
1619531036.356350, 78
1619531036.371627, 79
1619531036.387645, 79
1619531036.404135, 79
1619531036.418371, 78
1619531036.434762, 79
1619531036.450349, 78
1619531036.464568, 79
1619531036.479868, 79
1619531036.495473, 79
1619531036.509498, 80
1619531036.523717, 79
1619531036.544639, 77
1619531036.559805, 79
1619531036.575808, 78
1619531036.590677, 78
1619531036.607039, 79
1619531036.621025, 79
1619531036.636210, 78
1619531036.654291, 77
1619531036.668615, 80
1619531036.687529, 79
1619531036.702885, 79
1619531036.717403, 79
1619531036.733545, 78
1619531036.749852, 79
1619531036.763959, 79
1619531036.781063, 80
1619531036.796674, 79
1619531036.811142, 80
1619531036.825961, 80
1619531036.843054, 79
1619531036.858412, 78
1619531036.872442, 78
1619531036.887724, 78
1619531036.904194, 79
1619531036.918766, 79
1619531036.935897, 80
1619531036.952848, 79
1619531036.967231, 79
1619531036.981779, 80
1619531036.997378, 80
1619531037.013921, 79
1619531037.029019, 79
1619531037.043780, 81
1619531037.059452, 81
1619531037.074539, 81
1619531037.090178, 79
1619531037.105024, 80
1619531037.119146, 81
1619531037.133471, 79
1619531037.150325, 80
1619531037.165173, 79
1619531037.180175, 79
1619531037.195464, 79
1619531037.210503, 79
1619531037.225056, 79
1619531037.240953, 78
1619531037.256386, 80
1619531037.269915, 79
1619531037.291081, 80
1619531037.305491, 80
1619531037.322127, 82
1619531037.336770, 81
1619531037.353939, 80
1619531037.367715, 81
1619531037.382416, 81
1619531037.397128, 81
1619531037.412821, 80
1619531037.427591, 81
1619531037.441457, 81
1619531037.457156, 81
1619531037.473409, 81
1619531037.489622, 81
1619531037.507262, 81
1619531037.521237, 81
1619531037.535277, 81
1619531037.555667, 80
1619531037.572349, 79
1619531037.587317, 81
1619531037.601010, 82
1619531037.616868, 81
1619531037.631564, 82
1619531037.645928, 82
1619531037.661729, 81
1619531037.677407, 81
1619531037.691694, 81
1619531037.706616, 82
1619531037.724805, 82
1619531037.739308, 82
1619531037.753158, 83
1619531037.770399, 82
1619531037.787676, 81
1619531037.802454, 82
1619531037.816689, 82
1619531037.831055, 81
1619531037.845579, 80
1619531037.859716, 81
1619531037.877550, 81
1619531037.891978, 80
1619531037.905559, 81
1619531037.922963, 82
1619531037.938568, 82
1619531037.954244, 83
1619531037.969071, 83
1619531037.985043, 83
1619531038.001038, 82
1619531038.015295, 83
1619531038.030884, 83
1619531038.045552, 82
1619531038.060902, 81
1619531038.077265, 82
1619531038.094146, 83
1619531038.115417, 81
1619531038.130533, 82
1619531038.147372, 82
1619531038.165442, 82
1619531038.181870, 82
1619531038.200593, 82
1619531038.217537, 81
1619531038.234519, 82
1619531038.249086, 83
1619531038.265169, 84
1619531038.281299, 83
1619531038.296185, 84
1619531038.311665, 84
1619531038.328065, 83
1619531038.345631, 84
1619531038.360403, 84
1619531038.378260, 82
1619531038.393210, 82
1619531038.413773, 82
1619531038.429644, 82
1619531038.444314, 82
1619531038.459710, 83
1619531038.477766, 82
1619531038.494325, 81
1619531038.508637, 83
1619531038.522686, 82
1619531038.538590, 81
1619531038.554896, 83
1619531038.569985, 85
1619531038.588237, 85
1619531038.603984, 84
1619531038.619082, 83
1619531038.633916, 84
1619531038.650372, 85
1619531038.666362, 84
1619531038.680729, 85
1619531038.698469, 84
1619531038.713517, 84
1619531038.728099, 84
1619531038.745000, 84
1619531038.762951, 83
1619531038.777797, 83
1619531038.792197, 84
1619531038.807749, 84
1619531038.822478, 83
1619531038.837609, 84
1619531038.856078, 84
1619531038.871342, 84
1619531038.885567, 85
1619531038.911496, 85
1619531038.928938, 84
1619531038.944260, 84
1619531038.959980, 83
1619531038.975215, 85
1619531038.990229, 84
1619531039.004079, 86
1619531039.021905, 85
1619531039.038184, 86
1619531039.054505, 85
1619531039.071896, 84
1619531039.086637, 85
1619531039.101974, 84
1619531039.119882, 85
1619531039.134815, 85
1619531039.149890, 85
1619531039.165567, 84
1619531039.181746, 85
1619531039.197037, 86
1619531039.212895, 85
1619531039.229137, 86
1619531039.244386, 85
1619531039.259701, 86
1619531039.274672, 84
1619531039.290200, 85
1619531039.304216, 86
1619531039.319602, 85
1619531039.335809, 86
1619531039.349601, 86
1619531039.366946, 86
1619531039.383925, 85
1619531039.398275, 83
1619531039.413238, 85
1619531039.432586, 85
1619531039.449108, 84
1619531039.463868, 85
1619531039.478227, 85
1619531039.495750, 85
1619531039.509945, 86
1619531039.524206, 86
1619531039.540604, 86
1619531039.558328, 87
1619531039.573763, 87
1619531039.587631, 87
1619531039.603109, 86
1619531039.618210, 86
1619531039.631704, 87
1619531039.648041, 86
1619531039.663502, 87
1619531039.677464, 87
1619531039.692723, 87
1619531039.707737, 86
1619531039.724167, 86
1619531039.738212, 86
1619531039.755152, 85
1619531039.771202, 86
1619531039.787689, 86
1619531039.801935, 85
1619531039.819943, 85
1619531039.835687, 85
1619531039.849722, 86
1619531039.864262, 86
1619531039.881233, 86
1619531039.895519, 88
1619531039.912848, 88
1619531039.927041, 87
1619531039.941553, 88
1619531039.958265, 88
1619531039.974291, 87
1619531039.988379, 86
1619531040.002799, 88
1619531040.018658, 88
1619531040.032875, 87
1619531040.047517, 87
1619531040.063753, 85
1619531040.078918, 87
1619531040.093903, 87
1619531040.110417, 85
1619531040.129447, 87
1619531040.143704, 86
1619531040.159206, 87
1619531040.173782, 88
1619531040.187443, 87
1619531040.201850, 87
1619531040.217744, 87
1619531040.231561, 87
1619531040.246683, 87
1619531040.261095, 87
1619531040.276706, 87
1619531040.293493, 87
1619531040.308559, 87
1619531040.322413, 89
1619531040.339701, 90
1619531040.356074, 89
1619531040.371167, 88
1619531040.386238, 88
1619531040.404294, 87
1619531040.419778, 88
1619531040.433522, 89
1619531040.450607, 89