1619530761.680551, 0
1619530761.703847, 0
1619530761.718493, 0
1619530761.733486, 7
1619530761.748226, 0
1619530761.763932, 6
1619530761.778130, 9
1619530761.794680, 10
1619530761.811015, 10
1619530761.828064, 9
1619530761.841888, 9
1619530761.858565, 9
1619530761.873349, 7
1619530761.890906, 10
1619530761.909874, 8
1619530761.925969, 10
1619530761.944868, 9
1619530761.958904, 9
1619530761.979187, 4
1619530762.003316, 2
1619530762.017678, 3
1619530762.032927, 3
1619530762.047333, 3
1619530762.065415, 2
1619530762.080046, 2
1619530762.094207, 3
1619530762.112145, 3
1619530762.127965, 5
1619530762.141702, 3
1619530762.158637, 4
1619530762.174737, 4
1619530762.189182, 5
1619530762.203555, 6
1619530762.219037, 5
1619530762.236012, 6
1619530762.251422, 6
1619530762.268144, 7
1619530762.282807, 7
1619530762.297213, 7
1619530762.313810, 7
1619530762.329656, 5
1619530762.343156, 7
1619530762.360247, 7
1619530762.377022, 8
1619530762.392496, 10
1619530762.406610, 10
1619530762.422631, 7
1619530762.439923, 8
1619530762.454994, 8
1619530762.476498, 6
1619530762.492884, 3
1619530762.507142, 2
1619530762.524452, 2
1619530762.540893, 3
1619530762.555094, 2
1619530762.572191, 3
1619530762.588901, 3
1619530762.604949, 4
1619530762.619659, 5
1619530762.637394, 4
1619530762.651468, 5
1619530762.665292, 5
1619530762.681379, 6
1619530762.697045, 5
1619530762.715325, 6
1619530762.729523, 5
1619530762.745735, 6
1619530762.759961, 7
1619530762.774370, 6
1619530762.792296, 7
1619530762.807122, 8
1619530762.821612, 7
1619530762.837726, 8
1619530762.852720, 8
1619530762.867518, 7
1619530762.884599, 8
1619530762.901908, 8
1619530762.917383, 9
1619530762.931704, 7
1619530762.952987, 10
1619530762.969165, 8
1619530762.984101, 3
1619530762.999741, 2
1619530763.017265, 2
1619530763.031687, 2
1619530763.046277, 2
1619530763.062973, 3
1619530763.077767, 3
1619530763.093452, 3
1619530763.111835, 3
1619530763.129114, 4
1619530763.146482, 4
1619530763.160501, 4
1619530763.178220, 5
1619530763.193778, 6
1619530763.209674, 6
1619530763.228564, 6
1619530763.242841, 5
1619530763.259310, 6
1619530763.274667, 7
1619530763.289699, 7
1619530763.309249, 7
1619530763.324332, 6
1619530763.338333, 7
1619530763.354778, 8
1619530763.369681, 9
1619530763.384736, 8
1619530763.399655, 8
1619530763.419076, 9
1619530763.434778, 9
1619530763.449847, 10
1619530763.466382, 10
1619530763.481686, 10
1619530763.496081, 9
1619530763.511394, 8
1619530763.529494, 9
1619530763.545139, 10
1619530763.561010, 9
1619530763.576921, 9
1619530763.593532, 6
1619530763.608964, 4
1619530763.624000, 3
1619530763.638237, 2
1619530763.652895, 2
1619530763.668050, 2
1619530763.681831, 4
1619530763.697347, 4
1619530763.714786, 4
1619530763.728774, 5
1619530763.744264, 5
1619530763.759354, 6
1619530763.773578, 5
1619530763.789855, 6
1619530763.804441, 6
1619530763.818867, 5
1619530763.837325, 7
1619530763.853766, 6
1619530763.868463, 7
1619530763.883141, 8
1619530763.900093, 7
1619530763.915651, 8
1619530763.929877, 8
1619530763.944410, 9
1619530763.960751, 8
1619530763.975220, 8
1619530763.989860, 9
1619530764.005490, 8
1619530764.021339, 9
1619530764.036055, 10
1619530764.055712, 8
1619530764.071559, 8
1619530764.086168, 9
1619530764.100967, 9
1619530764.118222, 5
1619530764.133074, 3
1619530764.147976, 3
1619530764.165165, 2
1619530764.181213, 3
1619530764.195375, 3
1619530764.213129, 3
1619530764.229674, 4
1619530764.244841, 3
1619530764.259611, 3
1619530764.278354, 4
1619530764.293536, 5
1619530764.310029, 5
1619530764.329440, 5
1619530764.344055, 5
1619530764.359063, 6
1619530764.373755, 5
1619530764.390120, 7
1619530764.404874, 7
1619530764.419388, 7
1619530764.437312, 8
1619530764.451835, 7
1619530764.466676, 8
1619530764.484291, 7
1619530764.500033, 9
1619530764.515846, 8
1619530764.530751, 8
1619530764.550205, 8
1619530764.566202, 10
1619530764.580070, 8
1619530764.598141, 9
1619530764.613718, 9
1619530764.628896, 10
1619530764.643658, 10
1619530764.660196, 10
1619530764.675945, 10
1619530764.690303, 8
1619530764.705715, 8
1619530764.720104, 8
1619530764.734749, 3
1619530764.751529, 2
1619530764.766137, 1
1619530764.780303, 2
1619530764.795860, 3
1619530764.810997, 3
1619530764.825745, 4
1619530764.842624, 4
1619530764.858225, 4
1619530764.872413, 5
1619530764.887637, 4
1619530764.904321, 6
1619530764.920044, 5
1619530764.935581, 6
1619530764.950814, 6
1619530764.965381, 6
1619530764.979981, 6
1619530764.998085, 6
1619530765.013341, 7
1619530765.030352, 6
1619530765.048203, 7
1619530765.064233, 7
1619530765.078697, 8
1619530765.093054, 9
1619530765.108175, 8
1619530765.122518, 7
1619530765.136854, 8
1619530765.152593, 9
1619530765.166714, 9
1619530765.183434, 9
1619530765.199049, 9
1619530765.214490, 10
1619530765.230359, 10
1619530765.246185, 8
1619530765.261637, 10
1619530765.276219, 9
1619530765.295927, 6
1619530765.312748, 3
1619530765.326511, 3
1619530765.345975, 2
1619530765.363123, 5
1619530765.379125, 3
1619530765.393941, 3
1619530765.411085, 3
1619530765.426821, 5
1619530765.441564, 4
1619530765.456320, 6
1619530765.472697, 5
1619530765.487491, 5
1619530765.503911, 6
1619530765.520131, 6
1619530765.535805, 5
1619530765.550912, 7
1619530765.566708, 7
1619530765.582245, 7
1619530765.596157, 7
1619530765.612740, 7
1619530765.627098, 7
1619530765.641555, 7
1619530765.657087, 9
1619530765.672732, 9
1619530765.688060, 8
1619530765.704276, 9
1619530765.721673, 10
1619530765.735710, 9
1619530765.752449, 10
1619530765.767843, 9
1619530765.781781, 10
1619530765.796792, 8
1619530765.812806, 9
1619530765.827061, 10
1619530765.841155, 9
1619530765.855974, 8
1619530765.872563, 3
1619530765.887056, 2
1619530765.901674, 2
1619530765.916643, 3
1619530765.931169, 2
1619530765.948331, 2
1619530765.962380, 2
1619530765.976189, 4
1619530765.992225, 4
1619530766.006871, 4
1619530766.021332, 4
1619530766.036766, 4
1619530766.051963, 5
1619530766.066578, 5
1619530766.083365, 5
1619530766.099678, 5
1619530766.113782, 6
1619530766.130199, 6
1619530766.145958, 8
1619530766.160355, 6
1619530766.174389, 7
1619530766.189748, 7
1619530766.204553, 8
1619530766.219282, 8
1619530766.235397, 9
1619530766.251359, 8
1619530766.267524, 8
1619530766.285115, 9
1619530766.299853, 8
1619530766.313957, 9
1619530766.329805, 10
1619530766.345366, 10
1619530766.360883, 9
1619530766.375143, 10
1619530766.391924, 10
1619530766.406746, 9
1619530766.421942, 9
1619530766.442349, 10
1619530766.458357, 4
1619530766.474804, 2
1619530766.490022, 2
1619530766.505020, 3
1619530766.520070, 3
1619530766.534995, 4
1619530766.552602, 3
1619530766.567717, 5
1619530766.581493, 4
1619530766.599908, 4
1619530766.615859, 5
1619530766.631953, 5
1619530766.647245, 5
1619530766.667372, 6
1619530766.684337, 6
1619530766.698821, 7
1619530766.713341, 7
1619530766.730344, 7
1619530766.744765, 7
1619530766.760275, 7
1619530766.776011, 7
1619530766.789690, 7
1619530766.804729, 8
1619530766.820292, 8
1619530766.836407, 9
1619530766.851478, 8
1619530766.868050, 10
1619530766.883105, 10
1619530766.896974, 10
1619530766.912187, 8
1619530766.926911, 10
1619530766.941109, 10
1619530766.955339, 9
1619530766.975664, 10
1619530766.993609, 9
1619530767.008196, 7
1619530767.022911, 2
1619530767.040421, 2
1619530767.055643, 3
1619530767.069820, 2
1619530767.086934, 3
1619530767.102678, 3
1619530767.117405, 3
1619530767.132082, 3
1619530767.147459, 4
1619530767.162252, 5
1619530767.176965, 4
1619530767.193271, 5
1619530767.209404, 5
1619530767.223862, 6
1619530767.240129, 5
1619530767.255518, 5
1619530767.269989, 5
1619530767.285358, 7
1619530767.300493, 6
1619530767.316095, 6
1619530767.332487, 8
1619530767.350563, 7
1619530767.365213, 9
1619530767.380783, 9
1619530767.397491, 8
1619530767.415468, 9
1619530767.430496, 9
1619530767.448203, 9
1619530767.462662, 9
1619530767.479912, 9
1619530767.495656, 9
1619530767.511928, 10
1619530767.526541, 10
1619530767.545705, 10
1619530767.562683, 10
1619530767.577274, 10
1619530767.592011, 9
1619530767.607312, 8
1619530767.621469, 2
1619530767.636085, 4
1619530767.651025, 2
1619530767.665837, 4
1619530767.681006, 3
1619530767.699183, 4
1619530767.713788, 4
1619530767.730297, 4
1619530767.749092, 4
1619530767.771993, 6
1619530767.787486, 5
1619530767.802080, 5
1619530767.817696, 6
1619530767.836495, 6
1619530767.851360, 6
1619530767.867643, 7
1619530767.885166, 8
1619530767.899520, 7
1619530767.914178, 7
1619530767.933687, 7
1619530767.950800, 8
1619530767.967279, 9
1619530767.984161, 8
1619530768.001432, 8
1619530768.015361, 8
1619530768.030969, 9
1619530768.047517, 9
1619530768.063191, 9
1619530768.078504, 10
1619530768.094690, 9
1619530768.110927, 9
1619530768.126812, 9
1619530768.142469, 10
1619530768.158516, 9
1619530768.173894, 4
1619530768.188802, 2
1619530768.204161, 3
1619530768.219963, 3
1619530768.235423, 2
1619530768.252040, 2
1619530768.267270, 3
1619530768.282944, 4
1619530768.301730, 3
1619530768.317424, 4
1619530768.334839, 5
1619530768.351500, 6
1619530768.366457, 5
1619530768.381377, 5
1619530768.397288, 5
1619530768.414155, 5
1619530768.430009, 6
1619530768.444599, 6
1619530768.460178, 6
1619530768.475963, 7
1619530768.490681, 8
1619530768.510273, 7
1619530768.528564, 6
1619530768.542998, 7
1619530768.556971, 9
1619530768.572222, 8
1619530768.590109, 9
1619530768.604050, 9
1619530768.619863, 10
1619530768.634880, 9
1619530768.654215, 9
1619530768.668278, 8
1619530768.686226, 7
1619530768.702702, 9
1619530768.718432, 7
1619530768.732277, 2
1619530768.747929, 2
1619530768.762692, 2
1619530768.777549, 2
1619530768.793404, 2
1619530768.813378, 3
1619530768.827357, 3
1619530768.843010, 3
1619530768.857618, 4
1619530768.872374, 5
1619530768.890396, 5
1619530768.906049, 6
1619530768.920599, 5
1619530768.934707, 6
1619530768.949259, 5
1619530768.963903, 5
1619530768.982546, 5
1619530769.000011, 6
1619530769.019047, 7
1619530769.033231, 8
1619530769.047839, 6
1619530769.063967, 8
1619530769.078849, 6
1619530769.094232, 7
1619530769.114739, 9
1619530769.132364, 8
1619530769.147591, 9
1619530769.165062, 9
1619530769.180785, 9
1619530769.195087, 9
1619530769.209516, 9
1619530769.228313, 9
1619530769.244908, 9
1619530769.259625, 8
1619530769.274041, 10
1619530769.290012, 10
1619530769.304701, 8
1619530769.319648, 2
1619530769.334575, 2
1619530769.350755, 2
1619530769.365361, 3
1619530769.380893, 2
1619530769.395169, 3
1619530769.409684, 3
1619530769.425735, 2
1619530769.441041, 4
1619530769.456059, 3
1619530769.471681, 4
1619530769.489175, 5
1619530769.504246, 5
1619530769.518225, 6
1619530769.534051, 5
1619530769.549395, 6
1619530769.563472, 6
1619530769.582646, 6
1619530769.599966, 6
1619530769.614312, 7
1619530769.628659, 8
1619530769.643010, 7
1619530769.658114, 8
1619530769.672484, 8
1619530769.689603, 8
1619530769.706975, 7
1619530769.722233, 8
1619530769.736397, 9
1619530769.752362, 9
1619530769.766665, 8
1619530769.780343, 9
1619530769.796652, 9
1619530769.811720, 10
1619530769.826362, 10
1619530769.841220, 9
1619530769.858139, 9
1619530769.872602, 10
1619530769.886688, 9
1619530769.904172, 3
1619530769.920221, 3
1619530769.936024, 2
1619530769.951000, 1
1619530769.968684, 0
1619530769.984039, 3
1619530769.999265, 1
1619530770.016209, 1
1619530770.033807, 3
1619530770.047925, 1
1619530770.062462, 1
1619530770.078027, 3
1619530770.093679, 2
1619530770.107582, 1
1619530770.127925, 3
1619530770.143099, 2
1619530770.157972, 2
1619530770.172222, 3
1619530770.187958, 3
1619530770.202195, 4
1619530770.216155, 3
1619530770.232225, 4
1619530770.246851, 4
1619530770.261857, 4
1619530770.277898, 4
1619530770.295418, 5
1619530770.308937, 6
1619530770.323445, 5
1619530770.338333, 5
1619530770.353861, 5
1619530770.370273, 6
1619530770.384570, 6
1619530770.398914, 7
1619530770.415296, 6
1619530770.429673, 8
1619530770.444131, 7
1619530770.462408, 7
1619530770.478354, 7
1619530770.493019, 8
1619530770.509451, 7
1619530770.524993, 9
1619530770.539475, 8
1619530770.553644, 7
1619530770.571459, 9
1619530770.586642, 9
1619530770.601393, 9
1619530770.617411, 8
1619530770.631964, 8
1619530770.645849, 9
1619530770.663082, 9
1619530770.682061, 7
1619530770.696430, 1
1619530770.710776, 2
1619530770.726258, 3
1619530770.740233, 4
1619530770.756340, 2
1619530770.771837, 3
1619530770.786538, 3
1619530770.800600, 3
1619530770.816853, 4
1619530770.831443, 4
1619530770.845648, 4
1619530770.863930, 6
1619530770.878215, 5
1619530770.892010, 4
1619530770.908068, 5
1619530770.923724, 6
1619530770.939833, 6
1619530770.954712, 6
1619530770.970104, 7
1619530770.984395, 8
1619530770.998753, 7
1619530771.013188, 7
1619530771.030533, 7
1619530771.044666, 6
1619530771.060236, 7
1619530771.075198, 8
1619530771.089332, 8
1619530771.104175, 8
1619530771.120055, 10
1619530771.136527, 9
1619530771.150696, 9
1619530771.166048, 8
1619530771.183632, 7
1619530771.197639, 1
1619530771.213744, 2
1619530771.229892, 2
1619530771.250129, 3
1619530771.264124, 1
1619530771.279278, 2
1619530771.294653, 4
1619530771.309630, 3
1619530771.326594, 4
1619530771.340647, 5
1619530771.354788, 4
1619530771.371487, 5
1619530771.388248, 5
1619530771.402341, 5
1619530771.417780, 5
1619530771.433196, 6
1619530771.449626, 6
1619530771.464756, 7
1619530771.482984, 7
1619530771.498722, 7
1619530771.513651, 7
1619530771.528290, 7
1619530771.544311, 7
1619530771.558539, 8
1619530771.572841, 7
1619530771.590175, 9
1619530771.605033, 8
1619530771.622684, 9
1619530771.637015, 10
1619530771.652828, 9
1619530771.667452, 8
1619530771.681475, 10
1619530771.697212, 9
1619530771.711403, 9
1619530771.725468, 8
1619530771.740182, 9
1619530771.756285, 8
1619530771.771447, 2
1619530771.786187, 2
1619530771.802549, 3
1619530771.817604, 1
1619530771.831073, 3
1619530771.847542, 3
1619530771.863285, 3
1619530771.877619, 5
1619530771.892268, 3
1619530771.907925, 4
1619530771.922289, 5
1619530771.936692, 5
1619530771.955255, 4
1619530771.969802, 4
1619530771.984306, 6
1619530772.000276, 5
1619530772.014986, 6
1619530772.029337, 6
1619530772.047758, 6
1619530772.064462, 6
1619530772.079794, 7
1619530772.094292, 7
1619530772.110713, 7
1619530772.126599, 8
1619530772.140907, 8
1619530772.158008, 8
1619530772.174070, 8
1619530772.188669, 10
1619530772.203554, 9
1619530772.219709, 9
1619530772.234732, 10
1619530772.249316, 9
1619530772.264191, 8
1619530772.279984, 8
1619530772.294680, 8
1619530772.316408, 2
1619530772.331803, 2
1619530772.345565, 2
1619530772.361403, 2
1619530772.377376, 3
1619530772.392604, 4
1619530772.407007, 2
1619530772.423510, 3
1619530772.437702, 3
1619530772.452313, 3
1619530772.467311, 5
1619530772.482009, 4
1619530772.498530, 5
1619530772.519152, 6
1619530772.536221, 6
1619530772.550638, 7
1619530772.565618, 6
1619530772.581440, 7
1619530772.597092, 7
1619530772.610753, 8
1619530772.628242, 7
1619530772.644209, 8
1619530772.658505, 8
1619530772.673724, 7
1619530772.689928, 7
1619530772.704031, 8
1619530772.718486, 9
1619530772.734764, 7
1619530772.750238, 9
1619530772.764902, 9
1619530772.787151, 9
1619530772.802672, 10
1619530772.817179, 9
1619530772.835773, 9
1619530772.853346, 8
1619530772.868678, 9
1619530772.882808, 9
1619530772.898423, 4
1619530772.912869, 2
1619530772.926993, 2
1619530772.941832, 3
1619530772.957667, 3
1619530772.975045, 2
1619530772.989067, 3
1619530773.008219, 4
1619530773.023990, 3
1619530773.038795, 3
1619530773.052621, 3
1619530773.068828, 5
1619530773.084233, 5
1619530773.098753, 4
1619530773.114931, 6
1619530773.131262, 5
1619530773.146599, 5
1619530773.161718, 5
1619530773.177123, 7
1619530773.192463, 6
1619530773.209734, 6
1619530773.225291, 8
1619530773.239801, 7
1619530773.254244, 7
1619530773.269871, 8
1619530773.285242, 8
1619530773.299338, 8
1619530773.317617, 8
1619530773.332736, 9
1619530773.347927, 9
1619530773.364881, 9
1619530773.380176, 10
1619530773.394555, 9
1619530773.408662, 9
1619530773.424182, 10
1619530773.438161, 8
1619530773.453139, 8
1619530773.469288, 9
1619530773.486107, 6
1619530773.499929, 3
1619530773.517880, 3
1619530773.532960, 2
1619530773.549289, 4
1619530773.564238, 2
1619530773.579605, 3
1619530773.594857, 3
1619530773.611115, 3
1619530773.628118, 4
1619530773.643598, 4
1619530773.657750, 4
1619530773.672629, 5
1619530773.688107, 5
1619530773.703131, 6
1619530773.719417, 6
1619530773.736674, 8
1619530773.750754, 7
1619530773.765599, 6
1619530773.783735, 7
1619530773.800458, 7
1619530773.815606, 6
1619530773.830659, 7
1619530773.849168, 7
1619530773.865070, 7
1619530773.878779, 8
1619530773.894709, 7
1619530773.910943, 8
1619530773.925273, 7
1619530773.939312, 7
1619530773.957198, 2
1619530773.976682, 1
1619530773.990541, 3
1619530774.007598, 2
1619530774.024202, 4
1619530774.039329, 2
1619530774.054930, 3
1619530774.071081, 2
1619530774.085162, 2
1619530774.099419, 4
1619530774.116367, 4
1619530774.133522, 5
1619530774.147262, 4
1619530774.167348, 5
1619530774.185237, 5
1619530774.200185, 5
1619530774.214171, 6
1619530774.229560, 4
1619530774.245395, 6
1619530774.259871, 6
1619530774.274124, 6
1619530774.289222, 8
1619530774.306031, 8
1619530774.321052, 7
1619530774.340226, 8
1619530774.354318, 8
1619530774.372815, 8
1619530774.386792, 8
1619530774.403302, 8
1619530774.420137, 9
1619530774.435036, 8
1619530774.450314, 10
1619530774.465659, 9
1619530774.481381, 8
1619530774.495207, 8
1619530774.509612, 8
1619530774.525752, 3
1619530774.540430, 2
1619530774.556299, 2
1619530774.572150, 2
1619530774.588120, 3
1619530774.602766, 3
1619530774.619653, 4
1619530774.635387, 4
1619530774.648993, 5
1619530774.666191, 3
1619530774.681388, 4
1619530774.695627, 6
1619530774.709736, 6
1619530774.724593, 5
1619530774.739004, 5
1619530774.754528, 6
1619530774.770162, 6
1619530774.785293, 7
1619530774.799627, 7
1619530774.818461, 5
1619530774.833835, 6
1619530774.848165, 9
1619530774.862458, 7
1619530774.880983, 8
1619530774.899428, 9
1619530774.914416, 9
1619530774.928633, 8
1619530774.944349, 8
1619530774.961780, 10
1619530774.975711, 9
1619530774.993852, 10
1619530775.010013, 8
1619530775.024909, 8
1619530775.039360, 10
1619530775.058087, 7
1619530775.073949, 1
1619530775.088075, 2
1619530775.103480, 2
1619530775.121453, 3
1619530775.134854, 5
1619530775.153002, 2
1619530775.169178, 3
1619530775.187167, 4
1619530775.200880, 4
1619530775.215606, 5
1619530775.231204, 5
1619530775.245267, 5
1619530775.260174, 6
1619530775.275270, 6
1619530775.292692, 6
1619530775.306232, 7
1619530775.324013, 5
1619530775.339897, 7
1619530775.359219, 8
1619530775.373020, 7
1619530775.388265, 8
1619530775.406049, 9
1619530775.420609, 7
1619530775.435295, 8
1619530775.450354, 9
1619530775.465411, 9
1619530775.481192, 8
1619530775.497084, 8
1619530775.512699, 9
1619530775.527268, 9
1619530775.543391, 10
1619530775.557677, 10
1619530775.571853, 10
1619530775.587960, 8
1619530775.602227, 8
1619530775.616580, 3
1619530775.633621, 3
1619530775.651413, 2
1619530775.666847, 2
1619530775.681486, 3
1619530775.699932, 3
1619530775.716150, 2
1619530775.731507, 3
1619530775.744945, 4
1619530775.759677, 4
1619530775.775689, 4
1619530775.790326, 5
1619530775.805282, 6
1619530775.820556, 5
1619530775.835057, 7
1619530775.851066, 5
1619530775.865181, 6
1619530775.880970, 6
1619530775.899259, 6
1619530775.914012, 6
1619530775.928131, 7
1619530775.943414, 6
1619530775.957881, 7
1619530775.972716, 8
1619530775.991066, 8
1619530776.006733, 7
1619530776.023868, 8
1619530776.039218, 9
1619530776.057942, 8
1619530776.072521, 9
1619530776.086473, 9
1619530776.100651, 10
1619530776.115041, 9
1619530776.131249, 8
1619530776.147998, 9
1619530776.162200, 10
1619530776.177074, 2
1619530776.194858, 2
1619530776.215032, 3
1619530776.228989, 1
1619530776.245491, 4
1619530776.262901, 3
1619530776.277309, 3
1619530776.292011, 3
1619530776.313654, 4
1619530776.329565, 5
1619530776.344068, 5
1619530776.359056, 5
1619530776.374430, 5
1619530776.389358, 6
1619530776.405569, 6
1619530776.421022, 7
1619530776.437261, 6
1619530776.451724, 7
1619530776.468046, 5
1619530776.482985, 8
1619530776.496804, 6
1619530776.515999, 9
1619530776.532685, 7
1619530776.547311, 7
1619530776.562336, 7
1619530776.578203, 8
1619530776.593303, 9
1619530776.607950, 7
1619530776.625503, 9
1619530776.642060, 10
1619530776.656424, 9
1619530776.673074, 8
1619530776.690556, 9
1619530776.705259, 8
1619530776.719356, 2
1619530776.734079, 2
1619530776.748269, 1
1619530776.763477, 2
1619530776.781260, 3
1619530776.795890, 4
1619530776.810756, 3
1619530776.828320, 2
1619530776.843925, 3
1619530776.858387, 4
1619530776.875035, 5
1619530776.889566, 4
1619530776.903712, 5
1619530776.920420, 7
1619530776.934735, 5
1619530776.950482, 4
1619530776.964474, 6
1619530776.981348, 6
1619530776.996554, 6
1619530777.010729, 6
1619530777.028303, 7
1619530777.042854, 7
1619530777.057426, 9
1619530777.071179, 9
1619530777.086395, 8
1619530777.102487, 7
1619530777.118039, 9
1619530777.134689, 8
1619530777.149857, 8
1619530777.164195, 9
1619530777.178247, 8
1619530777.193535, 9
1619530777.207947, 10
1619530777.225313, 10
1619530777.243282, 9
1619530777.259427, 10
1619530777.273856, 10
1619530777.288126, 9
1619530777.304172, 9
1619530777.318966, 3
1619530777.333227, 3
1619530777.348663, 2
1619530777.363915, 3
1619530777.378464, 3
1619530777.397231, 4
1619530777.416526, 4
1619530777.431842, 3
1619530777.447874, 4
1619530777.464078, 5
1619530777.479267, 5
1619530777.493268, 5
1619530777.507412, 5
1619530777.523345, 7
1619530777.538489, 7
1619530777.552803, 5
1619530777.570062, 6
1619530777.584888, 7
1619530777.598880, 7
1619530777.619085, 8
1619530777.635975, 8
1619530777.650948, 8
1619530777.665349, 7
1619530777.685066, 8
1619530777.701148, 8
1619530777.716040, 8
1619530777.733418, 9
1619530777.751304, 10
1619530777.766646, 9
1619530777.781690, 9
1619530777.797806, 10
1619530777.815502, 7
1619530777.833234, 8
1619530777.847577, 9
1619530777.862999, 10
1619530777.878819, 2
1619530777.896109, 3
1619530777.912034, 2
1619530777.926291, 3
1619530777.940562, 3
1619530777.956684, 4
1619530777.975468, 4
1619530777.989512, 5
1619530778.004484, 5
1619530778.019838, 5
1619530778.033655, 5
1619530778.048623, 5
1619530778.063538, 4
1619530778.077871, 5
1619530778.092311, 6
1619530778.109872, 5
1619530778.124877, 6
1619530778.139436, 7
1619530778.157213, 7
1619530778.172410, 7
1619530778.188540, 7
1619530778.203187, 7
1619530778.220635, 7
1619530778.236066, 7
1619530778.261389, 8
1619530778.276720, 9
1619530778.291901, 10
1619530778.306235, 9
1619530778.322559, 9
1619530778.336664, 10
1619530778.351196, 9
1619530778.366809, 9
1619530778.382014, 9
1619530778.396478, 9
1619530778.411217, 9
1619530778.428667, 8
1619530778.442946, 2
1619530778.458349, 3
1619530778.474333, 4
1619530778.488379, 3
1619530778.505685, 2
1619530778.521785, 6
1619530778.535891, 3
1619530778.551043, 4
1619530778.570042, 5
1619530778.586773, 5
1619530778.602331, 5
1619530778.617507, 6
1619530778.634587, 5
1619530778.649346, 6
1619530778.664315, 5
1619530778.679044, 5
1619530778.693986, 7
1619530778.708927, 6
1619530778.723568, 7
1619530778.739053, 7
1619530778.753401, 7
1619530778.767455, 7
1619530778.788724, 9
1619530778.803699, 9
1619530778.818454, 8
1619530778.832458, 9
1619530778.848050, 9
1619530778.862610, 10
1619530778.877953, 9
1619530778.892708, 10
1619530778.909846, 9
1619530778.923587, 10
1619530778.942919, 9
1619530778.958618, 9
1619530778.973671, 9
1619530778.989905, 10
1619530779.005535, 9
1619530779.020110, 7
1619530779.035140, 2
1619530779.054160, 1
1619530779.069909, 1
1619530779.088989, 2
1619530779.103123, 2
1619530779.121853, 0
1619530779.137703, 2
1619530779.151982, 3
1619530779.166310, 0
1619530779.181899, 2
1619530779.199356, 2
1619530779.213379, 4
1619530779.231994, 1
1619530779.249724, 2
1619530779.267927, 3
1619530779.282533, 4
1619530779.298571, 1
1619530779.313282, 3
1619530779.327016, 2
1619530779.344275, 3
1619530779.359685, 2
1619530779.374905, 4
1619530779.389470, 5
1619530779.407193, 4
1619530779.422388, 5
1619530779.436769, 6
1619530779.453788, 5
1619530779.472116, 5
1619530779.488093, 5
1619530779.504075, 7
1619530779.518783, 6
1619530779.537086, 6
1619530779.552164, 8
1619530779.567009, 7
1619530779.584402, 8
1619530779.604718, 8
1619530779.619849, 9
1619530779.634173, 8
1619530779.650470, 7
1619530779.666226, 9
1619530779.680617, 8
1619530779.697880, 7
1619530779.715096, 9
1619530779.729522, 10
1619530779.743257, 8
1619530779.763901, 10
1619530779.778295, 10
1619530779.792891, 9
1619530779.811870, 9
1619530779.829220, 6
1619530779.850041, 1
1619530779.869645, 2
1619530779.883730, 3
1619530779.903929, 2
1619530779.918524, 2
1619530779.936904, 5
1619530779.957783, 5
1619530779.972232, 4
1619530779.988641, 4
1619530780.004002, 5
1619530780.023191, 5
1619530780.039260, 5
1619530780.055937, 6
1619530780.070349, 6
1619530780.089380, 7
1619530780.104509, 7
1619530780.118745, 8
1619530780.137757, 7
1619530780.155188, 6
1619530780.169527, 8
1619530780.184036, 8
1619530780.202785, 8
1619530780.219513, 8
1619530780.233639, 8
1619530780.248166, 8
1619530780.264555, 10
1619530780.280162, 10
1619530780.295583, 9
1619530780.309998, 10
1619530780.326963, 9
1619530780.341695, 9
1619530780.356359, 9
1619530780.371584, 10
1619530780.386136, 10
1619530780.409569, 3
1619530780.430883, 4
1619530780.448204, 4
1619530780.496516, 3
1619530780.515635, 3
1619530780.529537, 4
1619530780.546677, 3
1619530780.565300, 4
1619530780.580929, 4
1619530780.595244, 5
1619530780.610329, 4
1619530780.626271, 5
1619530780.642210, 5
1619530780.657952, 6
1619530780.675088, 7
1619530780.689630, 7
1619530780.704096, 6
1619530780.720035, 6
1619530780.735902, 6
1619530780.749885, 7
1619530780.765742, 7
1619530780.781097, 7
1619530780.796025, 8
1619530780.811586, 8
1619530780.828322, 9
1619530780.844673, 8
1619530780.860215, 9
1619530780.874084, 9
1619530780.888833, 10
1619530780.902622, 9
1619530780.916826, 9
1619530780.932737, 9
1619530780.946932, 9
1619530780.962156, 9
1619530780.977727, 9
1619530780.992513, 8
1619530781.006439, 1
1619530781.021608, 3
1619530781.036390, 3
1619530781.051104, 2
1619530781.065327, 3
1619530781.080106, 3
1619530781.096010, 4
1619530781.112406, 4
1619530781.127714, 4
1619530781.143502, 4
1619530781.159966, 4
1619530781.175976, 6
1619530781.191307, 6
1619530781.207727, 6
1619530781.222234, 5
1619530781.237293, 6
1619530781.253160, 6
1619530781.269402, 7
1619530781.283794, 7
1619530781.300009, 8
1619530781.316102, 7
1619530781.334856, 7
1619530781.349647, 9
1619530781.365129, 8
1619530781.380748, 9
1619530781.395172, 9
1619530781.411989, 9
1619530781.430213, 8
1619530781.446994, 9
1619530781.461462, 10
1619530781.479167, 9
1619530781.494288, 9
1619530781.513343, 9
1619530781.528056, 9
1619530781.548141, 8
1619530781.564134, 3
1619530781.584105, 2
1619530781.602017, 1
1619530781.620124, 0
1619530781.638211, 1
1619530781.653194, 1
1619530781.667567, 1
1619530781.682146, 1
1619530781.697484, 1
1619530781.712108, 1
1619530781.729050, 5
1619530781.745294, 1
1619530781.761706, 2
1619530781.779071, 1
1619530781.798815, 3
1619530781.813015, 2
1619530781.829674, 3
1619530781.850663, 3
1619530781.870085, 3
1619530781.887075, 3
1619530781.901388, 4
1619530781.916850, 3
1619530781.930949, 4
1619530781.945869, 3
1619530781.961834, 4
1619530781.978274, 5
1619530781.992592, 6
1619530782.007293, 5
1619530782.023107, 5
1619530782.038079, 6
1619530782.052045, 5
1619530782.067459, 6
1619530782.083252, 7
1619530782.098690, 7
1619530782.115037, 7
1619530782.129884, 7
1619530782.144162, 8
1619530782.161081, 7
1619530782.178199, 8
1619530782.194825, 9
1619530782.210055, 10
1619530782.227884, 9
1619530782.242148, 9
1619530782.257275, 9
1619530782.273927, 9
1619530782.289839, 8
1619530782.305455, 10
1619530782.320979, 9
1619530782.336602, 10
1619530782.354172, 5
1619530782.368670, 3
1619530782.383196, 2
1619530782.397574, 2
1619530782.414458, 2
1619530782.435451, 3
1619530782.452167, 2
1619530782.467011, 4
1619530782.480869, 4
1619530782.496365, 4
1619530782.511882, 4
1619530782.527517, 5
1619530782.544204, 6
1619530782.559367, 5
1619530783.073286, 6
1619530783.089986, 7
1619530783.104944, 6
1619530783.120946, 6
1619530783.138819, 7
1619530783.166796, 5
1619530783.183319, 6
1619530783.198055, 8
1619530783.215785, 8
1619530783.234691, 9
1619530783.254158, 9
1619530783.272244, 9
1619530783.291820, 9
1619530783.306758, 10
1619530783.321080, 9
1619530783.340162, 10
1619530783.356296, 9
1619530783.371296, 9
1619530783.386334, 9
1619530783.405005, 10
1619530783.420549, 8
1619530783.435156, 2
1619530783.452797, 1
1619530783.467211, 3
1619530783.483701, 3
1619530783.500251, 2
1619530783.516192, 3
1619530783.533498, 4
1619530783.549110, 4
1619530783.565643, 3
1619530783.580162, 3
1619530783.594611, 6
1619530783.609579, 5
1619530783.625858, 6
1619530783.640236, 7
1619530783.654503, 6
1619530783.669761, 7
1619530783.685410, 6
1619530783.700045, 8
1619530783.715223, 6
1619530783.734886, 7
1619530783.750423, 7
1619530783.766026, 8
1619530783.782040, 7
1619530783.797406, 8
1619530783.812475, 9
1619530783.828433, 8
1619530783.843943, 8
1619530783.859287, 8
1619530783.874772, 9
1619530783.892711, 9
1619530783.910210, 9
1619530783.926624, 9
1619530783.942443, 9
1619530783.956904, 9
1619530783.975991, 7
1619530783.993944, 3
1619530784.007745, 3
1619530784.021517, 3
1619530784.037546, 3
1619530784.054574, 3
1619530784.073039, 3
1619530784.092007, 4
1619530784.108396, 4
1619530784.125779, 4
1619530784.145756, 4
1619530784.161826, 5
1619530784.175476, 5
1619530784.190762, 5
1619530784.206553, 6
1619530784.220310, 5
1619530784.235959, 5
1619530784.251398, 6
1619530784.266765, 7
1619530784.283189, 6
1619530784.298945, 8
1619530784.314652, 7
1619530784.329635, 7
1619530784.346332, 8
1619530784.361496, 8
1619530784.376451, 7
1619530784.392526, 9
1619530784.406035, 10
1619530784.420660, 9
1619530784.437754, 10
1619530784.451862, 10
1619530784.469110, 9
1619530784.483610, 9
1619530784.498478, 8
1619530784.515352, 9
1619530784.530746, 9
1619530784.548086, 3
1619530784.563527, 3
1619530784.580969, 3
1619530784.595332, 2
1619530784.610502, 2
1619530784.629244, 3
1619530784.644841, 4
1619530784.658249, 4
1619530784.675171, 4
1619530784.690978, 5
1619530784.707353, 5
1619530784.723167, 4
1619530784.743230, 5
1619530784.759308, 6
1619530784.774307, 6
1619530784.792107, 7
1619530784.808777, 6
1619530784.824259, 7
1619530784.839678, 7
1619530784.855994, 7
1619530784.870867, 7
1619530784.888246, 8
1619530784.906043, 9
1619530784.920511, 8
1619530784.937037, 9
1619530784.954920, 8
1619530784.969511, 10
1619530784.985419, 8
1619530785.003168, 10
1619530785.017403, 10
1619530785.032724, 9
1619530785.048934, 9
1619530785.065463, 9
1619530785.085462, 9
1619530785.099418, 9
1619530785.117094, 3
1619530785.131393, 2
1619530785.145237, 3
1619530785.162263, 3
1619530785.176870, 2
1619530785.192681, 3
1619530785.208295, 3
1619530785.224331, 4
1619530785.241891, 4
1619530785.256580, 4
1619530785.278343, 4
1619530785.294612, 5
1619530785.309735, 5
1619530785.326694, 5
1619530785.341947, 6
1619530785.357542, 6
1619530785.373053, 6
1619530785.391111, 7
1619530785.407386, 6
1619530785.423536, 7
1619530785.441137, 8
1619530785.459312, 9
1619530785.476793, 8
1619530785.493204, 8
1619530785.508808, 9
1619530785.523864, 10
1619530785.540420, 9
1619530785.556058, 10
1619530785.572913, 9
1619530785.589941, 10
1619530785.606547, 9
1619530785.621639, 10
1619530785.639159, 9
1619530785.655223, 10
1619530785.673698, 9
1619530785.688142, 3
1619530785.708482, 2
1619530785.724980, 1
1619530785.740253, 1
1619530785.757834, 1
1619530785.777759, 1
1619530785.793651, 0
1619530785.809113, 1
1619530785.825973, 3
1619530785.841637, 1
1619530785.856545, 0
1619530785.871228, 4
1619530785.888246, 2
1619530785.903659, 1
1619530785.918253, 2
1619530785.934026, 3
1619530785.953513, 2
1619530785.968354, 2
1619530785.982549, 3
1619530785.997435, 3
1619530786.012232, 3
1619530786.027884, 3
1619530786.043361, 4
1619530786.058676, 4
1619530786.073784, 5
1619530786.089019, 4
1619530786.104141, 6
1619530786.119599, 4
1619530786.134007, 6
1619530786.147729, 5
1619530786.164230, 6
1619530786.181667, 6
1619530786.195632, 7
1619530786.210731, 7
1619530786.226258, 6
1619530786.242016, 6
1619530786.256872, 8
1619530786.272859, 7
1619530786.288084, 8
1619530786.304114, 7
1619530786.320149, 8
1619530786.335885, 8
1619530786.352277, 8
1619530786.367943, 9
1619530786.388106, 9
1619530786.402376, 10
1619530786.418810, 10
1619530786.433788, 10
1619530786.448381, 9
1619530786.467809, 8
1619530786.481910, 10
1619530786.498710, 7
1619530786.516022, 2
1619530786.530328, 2
1619530786.545696, 3
1619530786.563870, 2
1619530786.579960, 4
1619530786.593641, 4
1619530786.610403, 4
1619530786.625922, 4
1619530786.640435, 3
1619530786.727333, 4
1619530786.742782, 6
1619530786.760193, 6
1619530786.780221, 6
1619530786.795738, 5
1619530786.813955, 5
1619530786.828644, 7
1619530786.844556, 7
1619530786.859696, 7
1619530786.875988, 7
1619530786.891182, 7
1619530786.906668, 7
1619530786.921771, 9
1619530786.938745, 9
1619530786.952775, 8
1619530786.971009, 9
1619530786.985262, 9
1619530787.000470, 9
1619530787.015796, 10
1619530787.032410, 10
1619530787.045831, 10
1619530787.063592, 9
1619530787.079383, 8
1619530787.095845, 8
1619530787.112491, 2
1619530787.128426, 2
1619530787.143582, 3
1619530787.159408, 3
1619530787.175828, 2
1619530787.189950, 3
1619530787.207630, 4
1619530787.222196, 3
1619530787.239197, 4
1619530787.255588, 5
1619530787.271966, 3
1619530787.291345, 5
1619530787.309288, 6
1619530787.324151, 6
1619530787.339657, 6
1619530787.354005, 5
1619530787.370075, 7
1619530787.384385, 6
1619530787.398877, 6
1619530787.417820, 6
1619530787.432946, 8
1619530787.452703, 7
1619530787.466427, 8
1619530787.481149, 9
1619530787.495230, 9
1619530787.509522, 8
1619530787.527114, 8
1619530787.543623, 9
1619530787.559041, 9
1619530787.573591, 8
1619530787.590990, 10
1619530787.606112, 10
1619530787.620402, 9
1619530787.636678, 8
1619530787.652940, 9
1619530787.667339, 10
1619530787.681662, 8
1619530787.699660, 2
1619530787.714088, 2
1619530787.728474, 2
1619530787.744590, 2
1619530787.759313, 2
1619530787.777673, 4
1619530787.793159, 3
1619530787.809190, 3
1619530787.823976, 4
1619530787.838379, 4
1619530787.852284, 5
1619530787.868091, 6
1619530787.887973, 5
1619530787.903581, 6
1619530787.918062, 5
1619530787.934139, 7
1619530787.949770, 5
1619530787.965868, 6
1619530787.981022, 8
1619530787.996134, 8
1619530788.011659, 7
1619530788.027728, 7
1619530788.042428, 9
1619530788.056692, 8
1619530788.073971, 10
1619530788.093094, 8
1619530788.109633, 9
1619530788.123443, 8
1619530788.139001, 9
1619530788.154058, 10
1619530788.168685, 9
1619530788.184277, 9
1619530788.206237, 9
1619530788.220738, 9
1619530788.235143, 8
1619530788.249061, 8
1619530788.263872, 3
1619530788.278778, 4
1619530788.295043, 2
1619530788.311109, 3
1619530788.325981, 3
1619530788.343113, 4
1619530788.365686, 4
1619530788.381850, 5
1619530788.396423, 4
1619530788.411127, 5
1619530788.425926, 6
1619530788.444499, 5
1619530788.458624, 6
1619530788.477889, 5
1619530788.493514, 7
1619530788.509820, 5
1619530788.525998, 6
1619530788.541201, 7
1619530788.557442, 7
1619530788.574616, 6
1619530788.589719, 8
1619530788.605540, 7
1619530788.620117, 8
1619530788.640267, 10
1619530788.655421, 9
1619530788.671757, 7
1619530788.686993, 8
1619530788.701910, 9
1619530788.715644, 9
1619530788.730892, 9
1619530788.746731, 9
1619530788.760719, 9
1619530788.778292, 8
1619530788.796693, 9
1619530788.812111, 8
1619530788.825918, 3
1619530788.844248, 7
1619530788.859934, 2
1619530788.874209, 3
1619530788.890287, 2
1619530788.905214, 3
1619530788.921256, 5
1619530788.936041, 4
1619530788.952609, 4
1619530788.966590, 4
1619530788.981338, 5
1619530788.997728, 5
1619530789.011951, 5
1619530789.030338, 5
1619530789.045851, 6
1619530789.061465, 6
1619530789.076931, 6
1619530789.091668, 7
1619530789.105591, 6
1619530789.121584, 7
1619530789.137178, 6
1619530789.180286, 8
1619530789.200412, 8
1619530789.220669, 8
1619530789.236987, 8
1619530789.251862, 9
1619530789.266366, 9
1619530789.281595, 10
1619530789.295770, 9
1619530789.310106, 8
1619530789.325418, 9
1619530789.339188, 9
1619530789.354589, 9
1619530789.371321, 7
1619530789.389833, 9
1619530789.403734, 8
1619530789.420547, 2
1619530789.436350, 3
1619530789.451774, 3
1619530789.467008, 2
1619530789.482352, 3
1619530789.498119, 3
1619530789.512714, 3
1619530789.529614, 2
1619530789.545936, 2
1619530789.561687, 5
1619530789.576908, 4
1619530789.592347, 4
1619530789.608785, 6
1619530789.623912, 5
1619530789.642496, 6
1619530789.656271, 5
1619530789.675808, 7
1619530789.690901, 6
1619530789.705171, 7
1619530789.721121, 8
1619530789.738860, 7
1619530789.753048, 8
1619530789.768905, 8
1619530789.785773, 9
1619530789.801670, 8
1619530789.819139, 7
1619530789.834574, 7
1619530789.856717, 9
1619530789.871193, 9
1619530789.885520, 10
1619530789.903930, 6
1619530789.918847, 9
1619530789.934569, 9
1619530789.950315, 10
1619530789.966688, 9
1619530789.982550, 9
1619530790.000154, 7
1619530790.018469, 2
1619530790.035277, 2
1619530790.049704, 3
1619530790.066051, 3
1619530790.081562, 3
1619530790.099229, 3
1619530790.118469, 4
1619530790.132700, 4
1619530790.147528, 5
1619530790.163642, 6
1619530790.180644, 5
1619530790.196678, 5
1619530790.217123, 4
1619530790.231285, 6
1619530790.249111, 6
1619530790.263605, 7
1619530790.279129, 7
1619530790.294629, 6
1619530790.310237, 7
1619530790.324798, 8
1619530790.339401, 7
1619530790.354750, 7
1619530790.369662, 8
1619530790.383933, 8
1619530790.398818, 9
1619530790.412205, 8
1619530790.431120, 10
1619530790.448071, 10
1619530790.464191, 9
1619530790.479294, 10
1619530790.494599, 8
1619530790.508612, 9
1619530790.525501, 10
1619530790.539856, 10
1619530790.554789, 8
1619530790.569022, 2
1619530790.583829, 1
1619530790.600076, 2
1619530790.615151, 3
1619530790.629900, 3
1619530790.643847, 3
1619530790.660331, 2
1619530790.674753, 4
1619530790.690075, 4
1619530790.704499, 4
1619530790.721030, 6
1619530790.735052, 6
1619530790.752232, 4
1619530790.768602, 5
1619530790.785106, 6
1619530790.799334, 7
1619530790.813482, 6
1619530790.827924, 6
1619530790.842913, 6
1619530790.860532, 7
1619530790.876710, 6
1619530790.891703, 7
1619530790.908677, 7
1619530790.928516, 8
1619530790.944347, 9
1619530790.958425, 8
1619530790.972369, 9
1619530790.994005, 9
1619530791.009135, 9
1619530791.023287, 9
1619530791.038778, 10
1619530791.054083, 9
1619530791.067955, 9
1619530791.084817, 8
1619530791.100551, 10
1619530791.114529, 10
1619530791.129808, 9
1619530791.145610, 2
1619530791.163802, 2
1619530791.177659, 4
1619530791.192051, 2
1619530791.206419, 3
1619530791.220146, 4
1619530791.237166, 4
1619530791.252494, 4
1619530791.269522, 4
1619530791.284128, 4
1619530791.303263, 3
1619530791.317654, 5
1619530791.332350, 5
1619530791.350833, 5
1619530791.366520, 6
1619530791.381811, 5
1619530791.396518, 7
1619530791.412437, 6
1619530791.427069, 7
1619530791.442137, 8
1619530791.460931, 8
1619530791.477653, 6
1619530791.492526, 8
1619530791.506672, 8
1619530791.524600, 8
1619530791.538646, 9
1619530791.553587, 8
1619530791.571429, 10
1619530791.585980, 9
1619530791.600547, 10
1619530791.620565, 10
1619530791.637804, 9
1619530791.653582, 9
1619530791.668155, 10
1619530791.682098, 9
1619530791.697318, 10
1619530791.711951, 4
1619530791.726665, 2
1619530791.742009, 1
1619530791.757644, 5
1619530791.772060, 3
1619530791.787858, 2
1619530791.803444, 3
1619530791.817882, 3
1619530791.832423, 4
1619530791.847911, 5
1619530791.863164, 4
1619530791.877770, 4
1619530791.895981, 5
1619530791.911656, 5
1619530791.926477, 5
1619530791.941878, 6
1619530791.956670, 7
1619530791.971699, 7
1619530791.986433, 6
1619530792.002278, 8
1619530792.016788, 8
1619530792.033917, 6
1619530792.052116, 7
1619530792.067597, 8
1619530792.081921, 8
1619530792.098828, 8
1619530792.119329, 8
1619530792.134051, 9
1619530792.148399, 9
1619530792.163869, 10
1619530792.180321, 10
1619530792.194804, 9
1619530792.213153, 10
1619530792.229529, 9
1619530792.243989, 9
1619530792.261244, 9
1619530792.276295, 8
1619530792.291454, 3
1619530792.305441, 2
1619530792.322948, 1
1619530792.337653, 3
1619530792.353789, 3
1619530792.368984, 2
1619530792.385712, 3
1619530792.400358, 5
1619530792.414796, 4
1619530792.429040, 5
1619530792.447209, 4
1619530792.462006, 6
1619530792.477896, 5
1619530792.495606, 5
1619530792.511356, 7
1619530792.526456, 6
1619530792.542152, 6
1619530792.557294, 6
1619530792.572707, 8
1619530792.586422, 7
1619530792.602585, 7
1619530792.618469, 7
1619530792.632976, 8
1619530792.648926, 8
1619530792.669078, 8
1619530792.684483, 9
1619530792.699658, 9
1619530792.714278, 10
1619530792.732412, 9
1619530792.752605, 9
1619530792.768021, 8
1619530792.782926, 9
1619530792.802269, 9
1619530792.817840, 10
1619530792.832072, 9
1619530792.846311, 2
1619530792.866279, 1
1619530792.884885, 2
1619530792.900695, 3
1619530792.914837, 4
1619530792.929718, 2
1619530792.944549, 3
1619530792.959119, 4
1619530792.975011, 4
1619530792.990099, 5
1619530793.006482, 5
1619530793.020935, 5
1619530793.036950, 4
1619530793.052782, 6
1619530793.066487, 5
1619530793.081656, 5
1619530793.096178, 7
1619530793.110056, 6
1619530793.124692, 7
1619530793.141200, 7
1619530793.155293, 7
1619530793.174839, 8
1619530793.190237, 8
1619530793.208456, 7
1619530793.222535, 9
1619530793.238869, 8
1619530793.253686, 8
1619530793.267329, 8
1619530793.282902, 10
1619530793.299316, 9
1619530793.313673, 10
1619530793.329679, 10
1619530793.347915, 9
1619530793.364306, 9
1619530793.378856, 8
1619530793.392833, 10
1619530793.407061, 9
1619530793.421050, 4
1619530793.436298, 2
1619530793.451843, 3
1619530793.466078, 2
1619530793.482595, 3
1619530793.498959, 3
1619530793.513182, 3
1619530793.527817, 3
1619530793.543885, 4
1619530793.558575, 4
1619530793.572716, 4
1619530793.590675, 4
1619530793.606491, 5
1619530793.620583, 5
1619530793.637281, 5
1619530793.652847, 5
1619530793.668105, 6
1619530793.683486, 6
1619530793.701621, 6
1619530793.717503, 7
1619530793.732180, 8
1619530793.747452, 7
1619530793.763881, 7
1619530793.778438, 8
1619530793.794261, 8
1619530793.813215, 9
1619530793.828807, 8
1619530793.843833, 9
1619530793.858388, 9
1619530793.874133, 9
1619530793.888607, 10
1619530793.903088, 9
1619530793.918307, 10
1619530793.933256, 10
1619530793.948492, 10
1619530793.965731, 10
1619530793.981689, 8
1619530793.999943, 9
1619530794.014213, 1
1619530794.029537, 2
1619530794.043470, 2
1619530794.057877, 3
1619530794.075163, 3
1619530794.092671, 2
1619530794.108063, 4
1619530794.121905, 4
1619530794.139830, 5
1619530794.157560, 5
1619530794.171981, 5
1619530794.186566, 5
1619530794.201862, 5
1619530794.217291, 5
1619530794.231617, 6
1619530794.246937, 5
1619530794.262690, 6
1619530794.277602, 6
1619530794.291766, 7
1619530794.307966, 7
1619530794.322582, 8
1619530794.337019, 8
1619530794.352096, 8
1619530794.370436, 8
1619530794.384884, 6
1619530794.399811, 7
1619530794.414678, 9
1619530794.428415, 10
1619530794.448182, 10
1619530794.464222, 10
1619530794.478679, 10
1619530794.493037, 10
1619530794.509267, 9
1619530794.524128, 8
1619530794.538441, 10
1619530794.555896, 9
1619530794.572411, 2
1619530794.587122, 2
1619530794.601896, 3
1619530794.620895, 3
1619530794.635767, 3
1619530794.650270, 3
1619530794.723496, 1
1619530794.753435, 1
1619530794.778060, 2
1619530794.805702, 5
1619530794.826467, 5
1619530794.843590, 5
1619530794.858537, 6
1619530794.875278, 6
1619530794.889804, 6
1619530794.905041, 6
1619530794.921829, 7
1619530794.937586, 7
1619530794.952570, 7
1619530794.967912, 7
1619530794.982906, 8
1619530795.000107, 6
1619530795.015354, 8
1619530795.030504, 8
1619530795.046670, 8
1619530795.063314, 9
1619530795.080550, 9
1619530795.097355, 10
1619530795.118897, 9
1619530795.134038, 9
1619530795.148198, 8
1619530795.167662, 10
1619530795.183240, 9
1619530795.198618, 2
1619530795.215315, 2
1619530795.230842, 3
1619530795.246746, 3
1619530795.262094, 3
1619530795.278783, 3
1619530795.294703, 4
1619530795.310274, 3
1619530795.328219, 4
1619530795.351216, 5
1619530795.366879, 4
1619530795.381370, 6
1619530795.396673, 5
1619530795.413046, 6
1619530795.428322, 5
1619530795.446374, 7
1619530795.461589, 6
1619530795.477097, 7
1619530795.497102, 6
1619530795.512443, 7
1619530795.528093, 6
1619530795.543268, 8
1619530795.558503, 8
1619530795.574112, 8
1619530795.590284, 8
1619530795.606920, 9
1619530795.622055, 8
1619530795.638361, 7
1619530795.654280, 10
1619530795.672288, 9
1619530795.688003, 9
1619530795.707423, 9
1619530795.722848, 9
1619530795.740004, 9
1619530795.759151, 4
1619530795.777101, 2
1619530795.791153, 2
1619530795.806907, 1
1619530795.821729, 2
1619530795.835813, 1
1619530795.849671, 1
1619530795.866279, 3
1619530795.880150, 0
1619530795.894348, 1
1619530795.911254, 4
1619530795.926132, 1
1619530795.941699, 1
1619530795.959117, 3
1619530795.973792, 3
1619530795.989291, 0
1619530796.006070, 4
1619530796.021814, 2
1619530796.037521, 1
1619530796.053645, 2
1619530796.069851, 3
1619530796.085549, 2
1619530796.099580, 4
1619530796.117758, 4
1619530796.134458, 3
1619530796.149225, 4
1619530796.166716, 5
1619530796.182640, 5
1619530796.198799, 6
1619530796.213440, 5
1619530796.230211, 6
1619530796.246625, 4
1619530796.263154, 6
1619530796.279714, 6
1619530796.294122, 7
1619530796.313011, 6
1619530796.332530, 7
1619530796.349995, 7
1619530796.367479, 9
1619530796.384964, 8
1619530796.401233, 8
1619530796.417361, 8
1619530796.432443, 10
1619530796.449865, 9
1619530796.469629, 10
1619530796.486759, 9
1619530796.505157, 8
1619530796.519326, 9
1619530796.535771, 9
1619530796.550327, 9
1619530796.564039, 7
1619530796.582397, 3
1619530796.597195, 2
1619530796.618263, 3
1619530796.632106, 3
1619530796.647026, 3
1619530796.661159, 3
1619530796.676341, 4
1619530796.693483, 5
1619530796.711365, 5
1619530796.730513, 5
1619530796.744759, 4
1619530796.763285, 6
1619530796.777653, 5
1619530796.792439, 6
1619530796.810945, 6
1619530796.826593, 6
1619530796.841032, 7
1619530796.860968, 8
1619530796.911008, 8
1619530796.929721, 8
1619530796.947702, 8
1619530796.962379, 8
1619530796.979957, 9
1619530796.999001, 8
1619530797.013687, 9
1619530797.030855, 8
1619530797.045550, 9
1619530797.059794, 9
1619530797.074969, 9
1619530797.089419, 10
1619530797.103224, 10
1619530797.118009, 10
1619530797.150846, 9
1619530797.175092, 3
1619530797.192145, 2
1619530797.210008, 2
1619530797.227053, 2
1619530797.242536, 3
1619530797.261124, 3
1619530797.277149, 5
1619530797.294217, 4
1619530797.312587, 5
1619530797.330342, 6
1619530797.346593, 4
1619530797.364740, 5
1619530797.383137, 5
1619530797.400888, 6
1619530797.415717, 7
1619530797.430417, 7
1619530797.444694, 6
1619530797.459332, 7
1619530797.473506, 7
1619530797.487931, 7
1619530797.504476, 8
1619530797.518975, 7
1619530797.533436, 8
1619530797.548707, 9
1619530797.564367, 8
1619530797.580973, 9
1619530797.598728, 9
1619530797.613870, 9
1619530797.628506, 8
1619530797.645067, 10
1619530797.659445, 9
1619530797.675175, 9
1619530797.689705, 8
1619530797.708495, 9
1619530797.724415, 9
1619530797.739419, 4
1619530797.753306, 2
1619530797.772796, 3
1619530797.787045, 2
1619530797.801607, 2
1619530797.820553, 3
1619530797.836790, 4
1619530797.853192, 3
1619530797.867469, 4
1619530797.884773, 4
1619530797.900558, 5
1619530797.915227, 5
1619530797.930761, 5
1619530797.946656, 6
1619530797.961495, 5
1619530797.975779, 7
1619530797.991710, 6
1619530798.007559, 7
1619530798.021986, 6
1619530798.037634, 7
1619530798.051935, 8
1619530798.068589, 7
1619530798.083919, 9
1619530798.097624, 8
1619530798.115714, 8
1619530798.132322, 8
1619530798.147422, 9
1619530798.161631, 9
1619530798.180051, 8
1619530798.196204, 10
1619530798.210010, 10
1619530798.227186, 10
1619530798.242928, 10
1619530798.257205, 9
1619530798.272933, 9
1619530798.289618, 8
1619530798.305489, 9
1619530798.320013, 7
1619530798.336218, 3
1619530798.352126, 1
1619530798.366091, 3
1619530798.380933, 3
1619530798.395802, 3
1619530798.409687, 4
1619530798.426584, 5
1619530798.441807, 4
1619530798.456422, 4
1619530798.471095, 5
1619530798.486446, 5
1619530798.501372, 6
1619530798.515758, 5
1619530798.531058, 6
1619530798.545373, 6
1619530798.563145, 6
1619530798.583818, 7
1619530798.603047, 7
1619530798.619515, 6
1619530798.636235, 7
1619530798.650752, 7
1619530798.668145, 8
1619530798.682086, 7
1619530798.697942, 9
1619530798.714456, 8
1619530798.731768, 8
1619530798.746227, 10
1619530798.760294, 10
1619530798.775089, 9
1619530798.791348, 10
1619530798.805587, 10
1619530798.820425, 10
1619530798.836097, 9
1619530798.851415, 10
1619530798.867350, 9
1619530798.883098, 4
1619530798.897561, 1
1619530798.911765, 3
1619530798.927290, 2
1619530798.942443, 3
1619530798.959652, 2
1619530798.973899, 4
1619530798.988333, 5
1619530799.004327, 4
1619530799.021110, 5
1619530799.040039, 6
1619530799.057633, 5
1619530799.073311, 5
1619530799.091909, 6
1619530799.109195, 5
1619530799.125519, 7
1619530799.141057, 6
1619530799.156017, 7
1619530799.174707, 7
1619530799.192494, 8
1619530799.209774, 8
1619530799.223858, 7
1619530799.239203, 8
1619530799.255672, 8
1619530799.270901, 9
1619530799.286322, 7
1619530799.301981, 8
1619530799.316801, 9
1619530799.333666, 10
1619530799.349396, 9
1619530799.364556, 10
1619530799.379281, 9
1619530799.396042, 8
1619530799.410674, 10
1619530799.424502, 10
1619530799.445635, 6
1619530799.461564, 1
1619530799.477156, 3
1619530799.491084, 3
1619530799.505895, 4
1619530799.520349, 2
1619530799.534445, 4
1619530799.551482, 3
1619530799.566520, 4
1619530799.580465, 4
1619530799.596980, 6
1619530799.613893, 5
1619530799.628032, 5
1619530799.642802, 6
1619530799.658906, 6
1619530799.673586, 5
1619530799.687713, 6
1619530799.705790, 6
1619530799.722733, 6
1619530799.737964, 6
1619530799.751820, 7
1619530799.767737, 7
1619530799.783528, 8
1619530799.797815, 8
1619530799.814224, 8
1619530799.830995, 8
1619530799.845618, 9
1619530799.859864, 9
1619530799.875853, 9
1619530799.891006, 8
1619530799.905698, 10
1619530799.919533, 9
1619530799.934966, 10
1619530799.949261, 8
1619530799.966628, 10
1619530799.983241, 9
1619530799.997963, 10
1619530800.015602, 2
1619530800.030395, 4
1619530800.046742, 3
1619530800.061132, 2
1619530800.075487, 3
1619530800.092330, 3
1619530800.108070, 3
1619530800.122709, 4
1619530800.137998, 5
1619530800.151950, 4
1619530800.168683, 4
1619530800.184519, 3
1619530800.201135, 6
1619530800.215749, 5
1619530800.230696, 5
1619530800.245849, 6
1619530800.261750, 6
1619530800.277296, 6
1619530800.293143, 6
1619530800.307989, 7
1619530800.323963, 7
1619530800.338743, 8
1619530800.352964, 8
1619530800.369122, 8
1619530800.383304, 7
1619530800.399670, 9
1619530800.414737, 9
1619530800.429022, 9
1619530800.444476, 8
1619530800.459960, 10
1619530800.473964, 9
1619530800.489508, 8
1619530800.504351, 8
1619530800.521255, 9
1619530800.534846, 9
1619530800.550178, 8
1619530800.565548, 5
1619530800.581666, 5
1619530800.597327, 3
1619530800.613442, 2
1619530800.627156, 2
1619530800.641911, 2
1619530800.658074, 2
1619530800.672315, 4
1619530800.686452, 2
1619530800.701459, 4
1619530800.716400, 5
1619530800.732010, 4
1619530800.747103, 4
1619530800.761704, 3
1619530800.777226, 5
1619530800.795280, 4
1619530800.810695, 6
1619530800.825144, 6
1619530800.839258, 6
1619530800.854527, 6
1619530800.871772, 7
1619530800.886859, 6
1619530800.901936, 7
1619530800.920146, 7
1619530800.934732, 8
1619530800.948991, 7
1619530800.965982, 7
1619530800.981461, 8
1619530800.995909, 8
1619530801.011693, 8
1619530801.031057, 10
1619530801.044977, 10
1619530801.062380, 9
1619530801.077484, 9
1619530801.093778, 9
1619530801.108816, 9
1619530801.124933, 9
1619530801.141464, 8
1619530801.155330, 3
1619530801.171658, 2
1619530801.187180, 2
1619530801.201983, 3
1619530801.219107, 1
1619530801.235119, 3
1619530801.250457, 3
1619530801.266495, 3
1619530801.286297, 3
1619530801.301427, 4
1619530801.316770, 5
1619530801.331817, 6
1619530801.346249, 5
1619530801.363928, 5
1619530801.377972, 6
1619530801.395717, 6
1619530801.411517, 6
1619530801.425516, 7
1619530801.441123, 6
1619530801.459835, 7
1619530801.475829, 7
1619530801.489916, 7
1619530801.504864, 7
1619530801.522446, 8
1619530801.538116, 7
1619530801.552785, 9
1619530801.567855, 7
1619530801.582889, 8
1619530801.597022, 9
1619530801.611297, 9
1619530801.627320, 9
1619530801.642247, 9
1619530801.660926, 10
1619530801.679248, 9
1619530801.698031, 9
1619530801.712323, 10
1619530801.733835, 3
1619530801.749461, 2
1619530801.763903, 1
1619530801.777839, 3
1619530801.794392, 2
1619530801.809563, 4
1619530801.824151, 3
1619530801.839736, 5
1619530801.854357, 3
1619530801.869656, 4
1619530801.884816, 4
1619530801.899180, 5
1619530801.913121, 5
1619530801.929186, 5
1619530801.945514, 7
1619530801.960151, 6
1619530801.977555, 6
1619530801.993723, 6
1619530802.009202, 7
1619530802.025119, 6
1619530802.040757, 7
1619530802.056476, 8
1619530802.070966, 7
1619530802.086871, 8
1619530802.103547, 6
1619530802.117593, 9
1619530802.133293, 8
1619530802.148608, 9
1619530802.162763, 10
1619530802.181151, 8
1619530802.197159, 9
1619530802.212879, 9
1619530802.227279, 9
1619530802.243106, 9
1619530802.260119, 10
1619530802.274217, 10
1619530802.288609, 8
1619530802.304024, 2
1619530802.318624, 2
1619530802.334366, 4
1619530802.349714, 3
1619530802.363442, 3
1619530802.379717, 3
1619530802.394713, 3
1619530802.409637, 3
1619530802.424760, 4
1619530802.441280, 5
1619530802.457524, 5
1619530802.471949, 5
1619530802.488558, 5
1619530802.504929, 6
1619530802.519162, 6
1619530802.535784, 6
1619530802.552848, 7
1619530802.568399, 7
1619530802.582481, 7
1619530802.597848, 7
1619530802.614448, 7
1619530802.630621, 6
1619530802.644679, 8
1619530802.661613, 8
1619530802.677663, 9
1619530802.692498, 8
1619530802.708292, 8
1619530802.724414, 9
1619530802.738824, 9
1619530802.753290, 8
1619530802.768663, 9
1619530802.786967, 8
1619530802.801220, 9
1619530802.817628, 8
1619530802.832045, 6
1619530802.846777, 3
1619530802.860778, 2
1619530802.879910, 1
1619530802.895315, 3
1619530802.909557, 3
1619530802.924884, 3
1619530802.939104, 2
1619530802.953288, 4
1619530802.968975, 4
1619530802.983074, 4
1619530802.999966, 5
1619530803.014873, 6
1619530803.031402, 5
1619530803.047064, 6
1619530803.064002, 6
1619530803.078810, 6
1619530803.092753, 7
1619530803.108694, 4
1619530803.124375, 7
1619530803.138709, 6
1619530803.153167, 7
1619530803.169564, 8
1619530803.186781, 8
1619530803.201198, 5
1619530803.217103, 8
1619530803.232567, 9
1619530803.246346, 9
1619530803.260347, 8
1619530803.276588, 8
1619530803.291022, 9
1619530803.307992, 9
1619530803.324129, 10
1619530803.340122, 9
1619530803.353967, 10
1619530803.371313, 9
1619530803.386562, 10
1619530803.400416, 10
1619530803.418189, 9
1619530803.434167, 3
1619530803.448375, 2
1619530803.463880, 4
1619530803.480177, 2
1619530803.495215, 3
1619530803.508786, 4
1619530803.523065, 3
1619530803.537841, 4
1619530803.552449, 4
1619530803.566723, 4
1619530803.583103, 5
1619530803.599075, 5
1619530803.614293, 5
1619530803.631642, 6
1619530803.647647, 6
1619530803.661741, 6
1619530803.676940, 6
1619530803.693719, 7
1619530803.708364, 7
1619530803.722257, 7
1619530803.737688, 7
1619530803.752130, 7
1619530803.766152, 8
1619530803.781553, 8
1619530803.795917, 8
1619530803.809916, 8
1619530803.825725, 9
1619530803.841711, 10
1619530803.855951, 9
1619530803.870509, 9
1619530803.888782, 10
1619530803.903331, 9
1619530803.919273, 10
1619530803.934946, 9
1619530803.948848, 10
1619530803.965553, 9
1619530803.981766, 10
1619530803.998570, 8
1619530804.013173, 2
1619530804.031492, 4
1619530804.046690, 2
1619530804.060943, 3
1619530804.075245, 2
1619530804.090988, 3
1619530804.106724, 3
1619530804.121178, 5
1619530804.136604, 4
1619530804.151582, 4
1619530804.165792, 5
1619530804.184404, 4
1619530804.199741, 6
1619530804.215817, 5
1619530804.231868, 6
1619530804.246951, 6
1619530804.261121, 7
1619530804.275205, 7
1619530804.290020, 7
1619530804.305576, 7
1619530804.320302, 8
1619530804.337115, 7
1619530804.352676, 8
1619530804.367463, 8
1619530804.383993, 9
1619530804.401797, 8
1619530804.416830, 8
1619530804.430243, 10
1619530804.445807, 10
1619530804.461027, 9
1619530804.474566, 9
1619530804.490101, 9
1619530804.504817, 9
1619530804.518745, 9
1619530804.535560, 9
1619530804.551098, 9
1619530804.565413, 5
1619530804.580754, 2
1619530804.597829, 2
1619530804.611945, 3
1619530804.626503, 2
1619530804.645032, 3
1619530804.660396, 4
1619530804.674610, 5
1619530804.689548, 5
1619530804.706579, 5
1619530804.721593, 5
1619530804.737578, 5
1619530804.755342, 6
1619530804.769813, 5
1619530804.784696, 7
1619530804.801122, 7
1619530804.818858, 7
1619530804.835115, 7
1619530804.849481, 7
1619530804.865004, 6
1619530804.880674, 8
1619530804.894398, 7
1619530804.910867, 7
1619530804.925879, 7
1619530804.939975, 9
1619530804.957052, 8
1619530804.973455, 8
1619530804.988203, 9
1619530805.002121, 10
1619530805.018405, 8
1619530805.034207, 10
1619530805.049483, 9
1619530805.067612, 9
1619530805.083994, 9
1619530805.102312, 10
1619530805.122781, 7
1619530805.137875, 2
1619530805.153045, 3
1619530805.167932, 2
1619530805.184867, 3
1619530805.204095, 4
1619530805.218478, 3
1619530805.236492, 3
1619530805.252243, 5
1619530805.269519, 4
1619530805.284501, 4
1619530805.300178, 4
1619530805.318048, 5
1619530805.333782, 6
1619530805.351727, 6
1619530805.366030, 7
1619530805.385461, 7
1619530805.401025, 7
1619530805.415740, 6
1619530805.433906, 7
1619530805.448517, 6
1619530805.463705, 7
1619530805.481856, 6
1619530805.496835, 8
1619530805.512245, 8
1619530805.529905, 8
1619530805.545275, 9
1619530805.560773, 8
1619530805.578319, 9
1619530805.595205, 10
1619530805.610620, 10
1619530805.627315, 8
1619530805.645725, 9
1619530805.661658, 9
1619530805.677185, 5
1619530805.711038, 2
1619530805.728711, 3
1619530805.775083, 3
1619530805.793334, 3
1619530805.808897, 4
1619530805.826031, 3
1619530805.844367, 4
1619530805.858751, 3
1619530805.873445, 5
1619530805.887200, 4
1619530805.901700, 5
1619530805.919269, 5
1619530805.933883, 5
1619530805.948869, 6
1619530805.962369, 6
1619530805.977745, 6
1619530805.993557, 7
1619530806.008444, 8
1619530806.023333, 8
1619530806.037828, 7
1619530806.052764, 7
1619530806.070014, 8
1619530806.086501, 8
1619530806.101002, 8
1619530806.116110, 9
1619530806.132677, 9
1619530806.148584, 9
1619530806.162876, 8
1619530806.178421, 9
1619530806.194108, 8
1619530806.213016, 10
1619530806.227272, 10
1619530806.243909, 10
1619530806.260295, 9
1619530806.274238, 10
1619530806.291601, 9
1619530806.307892, 2
1619530806.322315, 3
1619530806.338464, 2
1619530806.354455, 2
1619530806.369251, 3
1619530806.384131, 4
1619530806.399273, 4
1619530806.414122, 4
1619530806.429496, 4
1619530806.446591, 5
1619530806.461402, 5
1619530806.476390, 5
1619530806.493786, 5
1619530806.509986, 5
1619530806.525939, 6
1619530806.541880, 7
1619530806.559052, 7
1619530806.575776, 7
1619530806.591154, 7
1619530806.608083, 7
1619530806.623181, 8
1619530806.638587, 7
1619530806.652783, 8
1619530806.669817, 9
1619530806.684578, 9
1619530806.698864, 8
1619530806.715068, 8
1619530806.729154, 10
1619530806.745625, 9
1619530806.761503, 9
1619530806.777130, 10
1619530806.801634, 9
1619530806.825484, 9
1619530806.844315, 9
1619530806.905399, 6
1619530806.921922, 1
1619530806.940555, 3
1619530806.960753, 2
1619530806.978755, 3
1619530806.992629, 2
1619530807.006808, 3
1619530807.020914, 4
1619530807.038411, 3
1619530807.052994, 5
1619530807.066908, 4
1619530807.110217, 5
1619530807.126048, 6
1619530807.139841, 6
1619530807.156468, 6
1619530807.170666, 6
1619530807.185634, 6
1619530807.201642, 7
1619530807.216841, 7
1619530807.235595, 8
1619530807.249090, 7
1619530807.267840, 7
1619530807.283599, 8
1619530807.298606, 9
1619530807.313232, 8
1619530807.329539, 9
1619530807.344097, 9
1619530807.358793, 8
1619530807.374567, 8
1619530807.389367, 10
1619530807.404343, 9
1619530807.418431, 9
1619530807.434875, 10
1619530807.454096, 10
1619530807.468056, 9
1619530807.487179, 10
1619530807.502445, 10
1619530807.517494, 8
1619530807.531346, 2
1619530807.549316, 3
1619530807.564161, 3
1619530807.578252, 3
1619530807.595350, 4
1619530807.611059, 3
1619530807.627402, 4
1619530807.642611, 4
1619530807.658979, 4
1619530807.673485, 5
1619530807.688266, 5
1619530807.703737, 5
1619530807.717962, 6
1619530807.732051, 7
1619530807.747400, 6
1619530807.762067, 7
1619530807.776523, 6
1619530807.793646, 8
1619530807.809644, 7
1619530807.824319, 8
1619530807.838655, 8
1619530807.854790, 7
1619530807.869717, 7
1619530807.884974, 9
1619530807.901563, 9
1619530807.917622, 8
1619530807.931605, 9
1619530807.946767, 9
1619530807.962533, 9
1619530807.978536, 9
1619530807.994094, 10
1619530808.012756, 8
1619530808.027344, 9
1619530808.044926, 9
1619530808.059007, 9
1619530808.074758, 5
1619530808.091352, 2
1619530808.105849, 1
1619530808.120026, 2
1619530808.135054, 4
1619530808.149545, 2
1619530808.164308, 4
1619530808.182029, 5
1619530808.196993, 4
1619530808.211171, 4
1619530808.227234, 4
1619530808.243110, 6
1619530808.260288, 6
1619530808.274174, 5
1619530808.290539, 7
1619530808.304639, 6
1619530808.319296, 7
1619530808.336942, 6
1619530808.351951, 7
1619530808.366275, 6
1619530808.380912, 5
1619530808.397256, 7
1619530808.411554, 7
1619530808.426034, 8
1619530808.444485, 8
1619530808.459997, 7
1619530808.474656, 9
1619530808.489602, 10
1619530808.504730, 10
1619530808.518708, 9
1619530808.535133, 10
1619530808.551370, 9
1619530808.566036, 9
1619530808.580620, 8
1619530808.600412, 10
1619530808.615859, 10
1619530808.631632, 8
1619530808.647360, 2
1619530808.663701, 2
1619530808.677621, 3
1619530808.693482, 3
1619530808.712906, 4
1619530808.726856, 5
1619530808.744232, 4
1619530808.761006, 5
1619530808.776397, 2
1619530808.790700, 5
1619530808.806570, 4
1619530808.820278, 5
1619530808.834331, 6
1619530808.852744, 5
1619530808.868049, 6
1619530808.881882, 6
1619530808.896126, 6
1619530808.910853, 7
1619530808.924591, 7
1619530808.940928, 8
1619530808.955816, 7
1619530808.970191, 8
1619530808.986173, 8
1619530809.001864, 8
1619530809.015609, 8
1619530809.031061, 8
1619530809.045101, 10
1619530809.060094, 8
1619530809.076788, 8
1619530809.092425, 7
1619530809.112740, 6
1619530809.127008, 1
1619530809.143604, 2
1619530809.158844, 2
1619530809.173064, 2
1619530809.188755, 1
1619530809.204824, 3
1619530809.220339, 2
1619530809.236427, 4
1619530809.253546, 3
1619530809.271981, 4
1619530809.286594, 4
1619530809.305912, 4
1619530809.320678, 5
1619530809.335932, 6
1619530809.349908, 5
1619530809.364293, 4
1619530809.378760, 5
1619530809.400335, 6
1619530809.415880, 6
1619530809.432551, 7
1619530809.448402, 7
1619530809.464661, 7
1619530809.479153, 8
1619530809.495444, 8
1619530809.510514, 8
1619530809.524701, 9
1619530809.539751, 9
1619530809.556930, 10
1619530809.575650, 10
1619530809.613419, 8
1619530809.630212, 9
1619530809.645821, 8
1619530809.660442, 8
1619530809.675314, 9
1619530809.689824, 9
1619530809.704088, 9
1619530809.724008, 10
1619530809.741008, 10
1619530809.755400, 3
1619530809.771219, 2
1619530809.787077, 2
1619530809.801575, 2
1619530809.816797, 3
1619530809.834668, 2
1619530809.849740, 4
1619530809.863894, 5
1619530809.877777, 3
1619530809.892334, 4
1619530809.906672, 5
1619530809.923994, 6
1619530809.941005, 5
1619530809.955067, 6
1619530809.972534, 6
1619530809.989642, 6
1619530810.004286, 7
1619530810.018367, 6
1619530810.033669, 7
1619530810.048079, 8
1619530810.062292, 5
1619530810.077688, 8
1619530810.092523, 8
1619530810.107267, 7
1619530810.124263, 8
1619530810.138738, 8
1619530810.152665, 8
1619530810.169541, 8
1619530810.185365, 9
1619530810.203474, 9
1619530810.218461, 8
1619530810.233984, 10
1619530810.248374, 10
1619530810.270390, 9
1619530810.285645, 10
1619530810.301620, 10
1619530810.318619, 10
1619530810.335219, 9
1619530810.353428, 10
1619530810.368393, 1
1619530810.387567, 3
1619530810.401776, 2
1619530810.415700, 2
1619530810.435260, 2
1619530810.450579, 3
1619530810.465100, 5
1619530810.484110, 4
1619530810.500171, 5
1619530810.514736, 5
1619530810.529193, 5
1619530810.544941, 5
1619530810.562156, 6
1619530810.576429, 6
1619530810.592546, 6
1619530810.607337, 7
1619530810.621492, 7
1619530810.636558, 6
1619530810.651779, 7
1619530810.667607, 7
1619530810.683106, 7
1619530810.699631, 6
1619530810.716827, 7
1619530810.732329, 9
1619530810.747763, 8
1619530810.763358, 8
1619530810.777873, 8
1619530810.793840, 8
1619530810.808652, 9
1619530810.823186, 10
1619530810.839719, 10
1619530810.854144, 10
1619530810.868440, 9
1619530810.883147, 8
1619530810.898075, 10
1619530810.913953, 10
1619530810.930481, 3
1619530810.946246, 2
1619530810.961486, 3
1619530810.976948, 2
1619530810.992817, 2
1619530811.007984, 3
1619530811.022377, 5
1619530811.039106, 4
1619530811.053506, 5
1619530811.067387, 4
1619530811.082552, 5
1619530811.097252, 5
1619530811.114059, 6
1619530811.130865, 6
1619530811.145688, 7
1619530811.162808, 5
1619530811.177473, 7
1619530811.191597, 6
1619530811.206639, 6
1619530811.221765, 7
1619530811.237479, 7
1619530811.252144, 7
1619530811.269295, 8
1619530811.283311, 9
1619530811.298480, 9
1619530811.313849, 8
1619530811.328584, 9
1619530811.343965, 9
1619530811.359550, 9
1619530811.375601, 10
1619530811.391004, 9
1619530811.407411, 8
1619530811.422926, 9
1619530811.441827, 9
1619530811.456187, 5
1619530811.474413, 2
1619530811.489278, 1
1619530811.505564, 2
1619530811.522223, 3
1619530811.538408, 2
1619530811.552913, 3
1619530811.569714, 4
1619530811.586658, 4
1619530811.602190, 3
1619530811.616756, 6
1619530811.636634, 5
1619530811.654985, 5
1619530811.670719, 6
1619530811.686528, 6
1619530811.701618, 6
1619530811.717667, 5
1619530811.734725, 7
1619530811.749929, 6
1619530811.766787, 5
1619530811.783049, 7
1619530811.798454, 8
1619530811.813686, 7
1619530811.829531, 7
1619530811.846397, 9
1619530811.861550, 8
1619530811.876785, 8
1619530811.893438, 10
1619530811.908689, 9
1619530811.925101, 9
1619530811.940974, 9
1619530811.956415, 10
1619530811.970607, 10
1619530811.987120, 9
1619530812.002487, 10
1619530812.017556, 10
1619530812.033873, 9
1619530812.049921, 9
1619530812.065459, 9
1619530812.079794, 3
1619530812.094202, 3
1619530812.112855, 4
1619530812.126722, 1
1619530812.144449, 3
1619530812.159445, 3
1619530812.173669, 3
1619530812.190410, 3
1619530812.205650, 5
1619530812.221688, 5
1619530812.237104, 6
1619530812.255638, 4
1619530812.271487, 6
1619530812.286009, 5
1619530812.301871, 6
1619530812.318096, 7
1619530812.337899, 7
1619530812.351837, 8
1619530812.369742, 7
1619530812.384964, 8
1619530812.398928, 8
1619530812.415370, 7
1619530812.430066, 8
1619530812.449235, 8
1619530812.463096, 8
1619530812.478948, 8
1619530812.493698, 9
1619530812.508512, 10
1619530812.526084, 9
1619530812.541315, 10
1619530812.556722, 10
1619530812.571648, 9
1619530812.589066, 8
1619530812.604974, 9
1619530812.620804, 9
1619530812.635672, 7
1619530812.651640, 2
1619530812.666297, 3
1619530812.681671, 2
1619530812.697543, 3
1619530812.713561, 3
1619530812.728882, 3
1619530812.744495, 4
1619530812.765218, 5
1619530812.779327, 4
1619530812.793521, 5
1619530812.808364, 5
1619530812.822767, 6
1619530812.837798, 5
1619530812.855442, 6
1619530812.871347, 6
1619530812.890254, 7
1619530812.905246, 6
1619530812.919427, 7
1619530812.936886, 6
1619530812.952644, 7
1619530812.969071, 7
1619530812.984637, 7
1619530813.002352, 8
1619530813.019374, 7
1619530813.034524, 8
1619530813.051719, 9
1619530813.066525, 10
1619530813.086543, 9
1619530813.100688, 10
1619530813.117062, 9
1619530813.131166, 10
1619530813.148011, 8
1619530813.165619, 9
1619530813.180075, 9
1619530813.197191, 10
1619530813.211234, 4
1619530813.228399, 2
1619530813.244147, 3
1619530813.260429, 2
1619530813.275077, 2
1619530813.291457, 3
1619530813.307320, 4
1619530813.323065, 3
1619530813.338611, 4
1619530813.353615, 5
1619530813.369159, 4
1619530813.384057, 5
1619530813.401728, 5
1619530813.416307, 5
1619530813.431542, 5
1619530813.450011, 7
1619530813.464884, 6
1619530813.479039, 7
1619530813.498124, 8
1619530813.512424, 7
1619530813.527806, 7
1619530813.543911, 8
1619530813.560158, 9
1619530813.576058, 8
1619530813.592990, 8
1619530813.608060, 8
1619530813.622536, 9
1619530813.640522, 9
1619530813.661495, 9
1619530813.679074, 9
1619530813.696548, 9
1619530813.712566, 10
1619530813.731797, 9
1619530813.748776, 10
1619530813.763647, 9
1619530813.778359, 7
1619530813.795979, 5
1619530813.811110, 3
1619530813.829076, 3
1619530813.845710, 2
1619530813.860597, 3
1619530813.877596, 3
1619530813.893851, 3
1619530813.908674, 4
1619530813.925141, 4
1619530813.944681, 4
1619530813.959424, 5
1619530813.974266, 4
1619530813.993110, 5
1619530814.008112, 5
1619530814.024563, 5
1619530814.039857, 7
1619530814.057809, 6
1619530814.071933, 7
1619530814.087730, 7
1619530814.103905, 8
1619530814.118361, 7
1619530814.132177, 7
1619530814.146882, 7
1619530814.161217, 9
1619530814.175388, 8
1619530814.190190, 9
1619530814.205949, 9
1619530814.219573, 9
1619530814.238123, 9
1619530814.255410, 9
1619530814.270284, 10
1619530814.284550, 9
1619530814.301810, 8
1619530814.315974, 10
1619530814.332263, 9
1619530814.349151, 10
1619530814.366942, 4
1619530814.381900, 2
1619530814.397003, 4
1619530814.415317, 3
1619530814.429583, 3
1619530814.444128, 4
1619530814.461557, 3
1619530814.476955, 3
1619530814.491257, 5
1619530814.506822, 4
1619530814.522251, 5
1619530814.537691, 4
1619530814.552645, 6
1619530814.568898, 5
1619530814.585036, 5
1619530814.600548, 6
1619530814.620491, 6
1619530814.637522, 6
1619530814.655504, 4
1619530814.669468, 7
1619530814.685694, 8
1619530814.700037, 7
1619530814.713849, 9
1619530814.729636, 8
1619530814.745490, 9
1619530814.759849, 9
1619530814.776411, 10
1619530814.792341, 9
1619530814.807364, 9
1619530814.821478, 10
1619530814.837234, 9
1619530814.851713, 10
1619530814.865805, 9
1619530814.882474, 10
1619530814.916860, 9
1619530814.931083, 9
1619530814.945450, 3
1619530814.962792, 2
1619530814.977604, 1
1619530814.994219, 1
1619530815.008929, 2
1619530815.024911, 0
1619530815.040199, 0
1619530815.054303, 3
1619530815.073500, 2
1619530815.088739, 2
1619530815.103942, 1
1619530815.118908, 1
1619530815.133565, 2
1619530815.148136, 2
1619530815.163399, 2
1619530815.177561, 2
1619530815.192461, 4
1619530815.209091, 1
1619530815.223361, 4
1619530815.237428, 3
1619530815.253810, 3
1619530815.270222, 4
1619530815.285069, 4
1619530815.299320, 5
1619530815.312857, 4
1619530815.327907, 5
1619530815.342429, 5
1619530815.357138, 4
1619530815.371284, 5
1619530815.385648, 5
1619530815.400471, 6
1619530815.414201, 7
1619530815.428690, 6
1619530815.443674, 7
1619530815.458967, 7
1619530815.473965, 7
1619530815.488211, 6
1619530815.502465, 7
1619530815.517707, 8
1619530815.535631, 8
1619530815.552064, 8
1619530815.566049, 8
1619530815.581447, 8
1619530815.597107, 7
1619530815.611392, 8
1619530816.131098, 9
1619530816.146598, 9
1619530816.161073, 10
1619530816.176866, 10
1619530816.196458, 9
1619530816.210761, 9
1619530816.227168, 9
1619530816.242963, 9
1619530816.260288, 5
1619530816.275108, 2
1619530816.291313, 3
1619530816.308494, 3
1619530816.323851, 2
1619530816.338853, 3
1619530816.354499, 4
1619530816.370252, 4
1619530816.385562, 5
1619530816.401379, 4
1619530816.418562, 5
1619530816.433725, 5
1619530816.448140, 6
1619530816.462713, 6
1619530816.477643, 6
1619530816.492292, 6
1619530816.508899, 6
1619530816.523810, 6
1619530816.537996, 7
1619530816.555712, 7
1619530816.570888, 8
1619530816.584695, 7
1619530816.599126, 7
1619530816.616969, 9
1619530816.632295, 8
1619530816.648633, 8
1619530816.664355, 9
1619530816.683123, 10
1619530816.697236, 9
1619530816.711862, 10
1619530816.728477, 9
1619530816.745985, 8
1619530816.760644, 9
1619530816.775905, 9
1619530816.791973, 9
1619530816.808069, 10
1619530816.822990, 9
1619530816.838174, 2
1619530816.855386, 2
1619530816.872291, 3
1619530816.887414, 3
1619530816.902785, 4
1619530816.918343, 3
1619530816.934539, 4
1619530816.950271, 3
1619530816.966193, 3
1619530816.981510, 0
1619530816.996986, 4
1619530817.015967, 6
1619530817.030027, 5
1619530817.045226, 5
1619530817.061345, 6
1619530817.078655, 6
1619530817.094578, 7
1619530817.111191, 8
1619530817.126300, 8
1619530817.141585, 7
1619530817.157331, 8
1619530817.172813, 9
1619530817.188313, 8
1619530817.204300, 7
1619530817.220615, 8
1619530817.235031, 8
1619530817.248921, 9
1619530817.265108, 9
1619530817.282165, 10
1619530817.296127, 9
1619530817.310586, 10
1619530817.325947, 9
1619530817.340914, 8
1619530817.357787, 8
1619530817.377911, 9
1619530817.393948, 7
1619530817.408323, 3
1619530817.425346, 3
1619530817.441613, 3
1619530817.456408, 2
1619530817.471891, 2
1619530817.487002, 4
1619530817.502462, 4
1619530817.517036, 4
1619530817.534712, 5
1619530817.549836, 5
1619530817.563693, 5
1619530817.581416, 5
1619530817.598243, 5
1619530817.623378, 6
1619530817.639793, 6
1619530817.653575, 7
1619530817.668805, 7
1619530817.684166, 7
1619530817.699204, 7
1619530817.718100, 7
1619530817.732544, 8
1619530817.746927, 8
1619530817.764804, 7
1619530817.779572, 8
1619530817.793562, 8
1619530817.818597, 9
1619530817.833423, 9
1619530817.848720, 8
1619530817.864549, 9
1619530817.878360, 10
1619530817.893137, 10
1619530817.907404, 9
1619530817.921410, 9
1619530817.946603, 9
1619530817.978638, 7
1619530817.994291, 2
1619530818.008999, 5
1619530818.023041, 3
1619530818.037172, 2
1619530818.051701, 3
1619530818.066420, 2
1619530818.081733, 3
1619530818.098976, 2
1619530818.113275, 4
1619530818.130832, 4
1619530818.145450, 5
1619530818.160943, 5
1619530818.176417, 4
1619530818.192184, 4
1619530818.207147, 5
1619530818.221699, 5
1619530818.238210, 6
1619530818.252537, 6
1619530818.269040, 6
1619530818.286001, 6
1619530818.299853, 8
1619530818.313575, 7
1619530818.330250, 7
1619530818.346306, 7
1619530818.361449, 9
1619530818.376864, 8
1619530818.395118, 8
1619530818.408723, 8
1619530818.423604, 10
1619530818.438814, 9
1619530818.454111, 9
1619530818.468599, 10
1619530818.485770, 9
1619530818.502339, 10
1619530818.517540, 9
1619530818.532533, 10
1619530818.549561, 9
1619530818.565393, 9
1619530818.580236, 9
1619530818.594504, 4
1619530818.609511, 2
1619530818.623596, 1
1619530818.640684, 2
1619530818.656303, 3
1619530818.671841, 4
1619530818.686937, 4
1619530818.701995, 5
1619530818.716527, 4
1619530818.731933, 5
1619530818.745980, 4
1619530818.761011, 6
1619530818.775187, 5
1619530818.791201, 6
1619530818.806929, 7
1619530818.821517, 6
1619530818.836735, 7
1619530818.853228, 7
1619530818.867856, 8
1619530818.884021, 7
1619530818.899218, 6
1619530818.914938, 7
1619530818.930611, 7
1619530818.946699, 7
1619530818.961939, 9
1619530818.976189, 8
1619530818.993317, 8
1619530819.008593, 7
1619530819.027970, 9
1619530819.044338, 9
1619530819.059540, 10
1619530819.074099, 10
1619530819.088243, 10
1619530819.102347, 9
1619530819.118238, 10
1619530819.137703, 8
1619530819.153389, 7
1619530819.169251, 5
1619530819.191963, 2
1619530819.206361, 2
1619530819.220661, 2
1619530819.237232, 2
1619530819.254298, 3
1619530819.269380, 3
1619530819.284073, 4
1619530819.298948, 4
1619530819.314733, 5
1619530819.330400, 4
1619530819.344939, 5
1619530819.386230, 5
1619530819.401222, 5
1619530819.417563, 6
1619530819.432634, 6
1619530819.446441, 6
1619530819.462594, 6
1619530819.478346, 7
1619530819.492676, 7
1619530819.510824, 7
1619530819.529179, 8
1619530819.544643, 7
1619530819.561430, 9
1619530819.576757, 7
1619530819.594185, 9
1619530819.613170, 8
1619530819.629493, 9
1619530819.643418, 8
1619530819.659523, 9
1619530819.675186, 9
1619530819.690901, 9
1619530819.707110, 10
1619530819.724788, 10
1619530819.739011, 9
1619530819.753507, 10
1619530819.768210, 8
1619530819.784456, 3
1619530819.799238, 3
1619530819.815671, 3
1619530819.830691, 4
1619530819.847046, 3
1619530819.863847, 4
1619530819.877796, 3
1619530819.894021, 5
1619530819.909966, 5
1619530819.926069, 4
1619530819.946010, 5
1619530819.962258, 6
1619530819.976390, 6
1619530819.991205, 6
1619530820.006629, 6
1619530820.021596, 7
1619530820.036339, 6
1619530820.055661, 7
1619530820.071309, 7
1619530820.085892, 8
1619530820.100554, 7
1619530820.116545, 8
1619530820.130935, 8
1619530820.145389, 9
1619530820.165026, 7
1619530820.180708, 8
1619530820.195270, 9
1619530820.210357, 10
1619530820.227352, 9
1619530820.242130, 9
1619530820.256700, 10
1619530820.271911, 9
1619530820.288492, 9
1619530820.303456, 10
1619530820.321454, 9
1619530820.336699, 2
1619530820.352156, 2
1619530820.367170, 2
1619530820.382984, 2
1619530820.397498, 2
1619530820.411641, 2
1619530820.430321, 2
1619530820.447344, 5
1619530820.461806, 5
1619530820.476137, 4
1619530820.494421, 5
1619530820.510276, 5
1619530820.524064, 4
1619530820.539355, 6
1619530820.553824, 5
1619530820.569439, 5
1619530820.583786, 7
1619530820.603526, 7
1619530820.618657, 6
1619530820.632543, 7
1619530820.648223, 8
1619530820.662360, 8
1619530820.676654, 6
1619530820.691723, 7
1619530820.707124, 9
1619530820.721999, 8
1619530820.738260, 9
1619530820.755499, 8
1619530820.770721, 10
1619530820.784759, 9
1619530820.802662, 10
1619530820.818271, 10
1619530820.832605, 9
1619530820.848042, 9
1619530820.863683, 9
1619530820.878095, 10
1619530820.891745, 9
1619530820.908621, 9
1619530820.925692, 9
1619530820.942544, 2
1619530820.957269, 3
1619530820.975862, 3
1619530820.991358, 3
1619530821.007520, 4
1619530821.022498, 4
1619530821.038285, 4
1619530821.053758, 4
1619530821.067933, 4
1619530821.084148, 4
1619530821.099164, 6
1619530821.113799, 5
1619530821.131300, 5
1619530821.150634, 7
1619530821.166734, 6
1619530821.181760, 7
1619530821.198540, 6
1619530821.213031, 8
1619530821.226894, 7
1619530821.241745, 8
1619530821.258341, 8
1619530821.272545, 9
1619530821.286438, 8
1619530821.303564, 8
1619530821.319118, 8
1619530821.333257, 9
1619530821.347355, 8
1619530821.363229, 10
1619530821.379010, 9
1619530821.393116, 10
1619530821.410253, 9
1619530821.424199, 9
1619530821.438970, 9
1619530821.455694, 9
1619530821.470481, 10
1619530821.488584, 7
1619530821.503115, 2
1619530821.518458, 3
1619530821.532554, 3
1619530821.551098, 4
1619530821.566354, 3
1619530821.583170, 3
1619530821.598918, 4
1619530821.617328, 4
1619530821.631211, 4
1619530821.647155, 5
1619530821.663081, 5
1619530821.677840, 5
1619530821.694549, 6
1619530821.710154, 6
1619530821.725358, 6
1619530821.739034, 7
1619530821.754559, 7
1619530821.768826, 7
1619530821.782885, 6
1619530821.799330, 5
1619530821.815310, 7
1619530821.830086, 8
1619530821.844470, 7
1619530821.859479, 9
1619530821.873907, 9
1619530821.887826, 7
1619530821.903878, 8
1619530821.920253, 9
1619530821.934980, 9
1619530821.950478, 9
1619530821.965521, 9
1619530821.979221, 9
1619530821.995185, 7
1619530822.010134, 8
1619530822.023945, 7
1619530822.041839, 3
1619530822.056237, 6
1619530822.070078, 2
1619530822.087408, 1
1619530822.103141, 3
1619530822.117235, 2
1619530822.131091, 2
1619530822.146322, 2